1771237386 1843658020
1
sift 198
77 89
132 124
95 87
190 225
99 116
265 317
120 136
280 305
247 286
274 316
246 392
406 312
294 438
472 320
339 399
467 468
542 470
522 496
452 575
561 464
475 610
713 425
566 571
705 556
526 660
875 486
640 792
962 494
688 657
738 619
756 778
815 673
813 873
926 600
939 911
741 1134
791 1243
1039 816
901 1052
1018 831
917 1042
848 1008
931 1137
1551 627
893 1257
1305 707
892 1285
1048 1033
1129 1048
1328 879
1023 1235
1714 806
1271 1013
1193 1113
996 1296
1124 1162
1121 1207
1760 889
1232 1178
1260 1274
1275 1153
1163 1401
1206 1237
1432 1212
1204 1272
1642 1169
1139 1420
1585 1245
1216 1388
1355 1408
1246 1476
1285 1569
1502 1267
1820 1271
1108 1700
1863 1373
1607 1358
1624 1572
1381 1619
1521 1679
1429 1696
1613 1634
1462 1872
2046 1428
1441 1910
1791 1663
2094 1771
1919 1531
2442 1491
2077 1565
2214 1726
1950 1862
1895 2028
2613 1504
1948 2221
2156 2002
1988 2281
2428 1945
2318 2024
2814 1722
1904 2689
2764 1833
2051 2489
3028 1717
1875 2896
2986 1734
2190 2410
5954 1305
1813 3234
2448 2249
2127 2666
2550 2189
2079 2882
1690 4346
2724 2065
2615 2286
2230 2718
3110 2315
2082 3241
3046 2174
2555 2321
2362 3349
2081 3277
3331 2530
2498 2608
2964 3044
3032 2163
3805 2406
2233 3192
3553 2595
2164 3481
3458 2964
2244 3410
3831 2661
3144 2239
3133 3368
2992 2380
3742 2857
2989 2502
3084 3594
3122 2552
3498 3340
3043 2668
3807 3135
2121 4684
4421 2957
3459 2408
4914 2749
4526 2200
3136 4417
4438 2243
3439 3895
3079 3166
4155 3257
2957 4052
4343 3308
2727 4808
3423 4434
2608 5201
5642 2901
3772 3183
4185 3495
3029 4581
4137 3679
3495 3810
5240 3193
3924 3462
3989 4051
4216 3883
4602 3543
4116 4049
4080 4041
3648 5021
4945 3621
4158 4511
3751 5153
4293 4644
4809 3886
4915 4320
5191 3623
4394 5026
4141 4641
4528 5015
4208 4702
5651 4249
5412 3869
5444 4764
4458 4816
6053 3981
5253 4400
4753 5390
5751 4519
5031 5319
6118 5339
6015 4503
6078 5429
5876 5561
6276 5550
1771237386 1851449577
1
sift 53
1155 2095
133 103
1642 947
190 186
1498 1692
282 211
2674 1217
406 168
5031 2036
280 223
2156 1641
356 210
378 269
2469 1732
511 380
657 348
3791 1694
623 407
1167 324
2376 3194
705 547
783 565
2607 3010
962 469
1052 478
3815 2523
815 630
926 843
2964 3479
1045 802
1193 880
4343 4553
1163 977
1046 1385
4207 4817
1686 863
1714 1999
5572 3691
2338 1498
2436 1556
5227 4171
2323 1626
2428 2210
2597 2295
3110 1991
3399 2167
2838 2860
3805 2536
3690 2632
4075 2488
3179 4267
4862 4971
6276 3595
1771237386 1953779666
1
sift 59
205 139
3 3
247 248
174 188
339 307
1585 1801
294 380
2284 2267
475 267
2743 3015
452 569
3966 3048
566 646
640 709
756 640
687 720
834 970
917 897
901 1001
1168 777
923 1103
893 1223
892 1395
1204 1064
1108 1221
1381 1403
1660 1436
2214 1169
1788 1574
2233 1827
1814 2295
2062 2093
1457 3429
1905 2563
2190 2242
2555 1954
2080 2676
2870 2035
1993 2997
2957 2115
2082 3097
2698 2396
3144 2276
2108 3478
4362 2319
2754 3827
4027 2993
3122 4917
4394 3957
5867 3335
3772 4490
3871 4840
4284 4949
5876 4141
4147 5804
4546 5946
4956 5848
5790 5767
5599 6358
1771237386 2032776530
1
sift 256
2704 1217
28 23
132 66
61 50
2236 4550
84 52
265 113
104 70
4555 3868
115 68
274 175
136 63
153 131
405 187
174 139
179 143
374 257
249 114
221 162
522 432
293 174
280 181
911 491
238 222
304 209
1147 458
289 235
269 308
973 541
312 290
351 256
583 986
378 274
356 303
1245 853
388 287
470 267
1736 1194
407 321
315 407
3796 857
431 349
531 355
2322 1114
500 378
476 410
2775 1300
724 327
484 475
2338 1984
511 456
482 487
2362 2037
558 433
593 441
3028 1952
598 450
578 513
3545 1987
694 427
550 570
3458 2036
661 461
623 506
2964 2372
638 501
697 466
2376 2911
666 500
571 615
3439 2173
587 609
783 471
3267 2303
747 510
652 573
4155 2950
677 566
753 512
3805 3364
584 636
564 719
4093 3402
657 602
875 526
3639 4199
781 598
606 778
3751 4934
842 624
824 682
5227 4268
798 705
998 599
5471 5190
864 681
877 690
6243 4609
908 649
912 679
6078 5958
974 658
958 685
5412 6773
734 960
1016 695
962 753
1007 747
1278 639
1141 707
786 1089
1076 796
1090 785
1167 740
1045 834
1057 837
1400 648
1230 751
1163 807
1059 890
1263 798
1179 855
1193 895
988 1040
1046 999
1257 888
926 1268
1203 1000
1388 1018
1549 1034
1571 1043
1621 1031
1543 1079
1289 1351
1306 1345
1566 1242
1812 1086
1565 1271
1318 1528
1632 1295
1784 1185
1624 1317
1715 1275
1403 1533
2084 1103
2018 1164
2532 981
1926 1254
2166 1143
1627 1521
1864 1372
2709 1012
1453 1815
1449 1821
2086 1314
1518 1778
1937 1421
1517 1806
1702 1679
1584 1886
2069 1466
2001 1537
2158 1444
1779 1738
1780 1747
1869 1709
2436 1352
1987 1681
1719 1946
2221 1550
2240 1599
2566 1425
2088 1762
2781 1449
1714 2439
2570 1590
1912 2230
2331 1780
2649 1626
2355 1889
2433 1830
2344 1917
2908 1661
2745 1781
2276 2165
2822 1779
2726 1875
2657 1939
2811 1934
2437 2227
2708 2090
4217 1559
3303 1829
2361 2505
3100 2010
2597 2479
2603 2478
2624 2475
2881 2296
4368 1714
3141 2219
4036 1935
2480 2948
3650 2146
4075 2002
3001 2572
2460 3150
3837 2172
3411 2462
3296 2590
2684 3173
3730 2419
3915 2483
3113 2981
3298 2921
4077 2536
3547 2865
5005 2492
5775 2455
4922 2633
3410 3598
3787 3270
3802 3320
4765 3145
5309 2925
3776 3837
5564 2937
4583 3418
3761 4266
5237 3470
4559 3830
5500 3435
4451 3966
4920 3785
5765 3480
5411 3658
3621 5162
5367 3788
5235 4062
4374 4696
4942 4303
3736 5657
5105 4243
3826 5652
5588 4178
6187 3845
4585 4772
5072 4413
4649 4881
3966 5899
5485 4408
5221 4592
4601 6050
4678 6912
5350 6234
5642 6787
1773206036 1987962344
1
sift 106
191 293
140 105
255 278
125 159
327 246
394 211
372 663
458 557
573 462
494 529
683 566
962 635
578 887
883 467
604 851
1128 937
783 889
1073 1059
934 1063
1095 1122
735 1667
2247 755
1015 1147
1274 1154
1170 1131
1712 1013
1255 1074
1536 1149
1343 1051
1362 1399
1232 1313
1612 1420
1297 1293
2014 1274
1253 1465
1658 1634
1490 1256
2117 1333
1730 1207
2194 1336
2530 1489
2652 1279
2308 1923
2042 1631
2060 2297
2324 1578
3063 1785
1971 1816
2703 2117
2096 1869
2254 2878
2369 1898
1938 3783
2786 1757
3437 2078
2613 2097
3052 2330
2251 2579
2517 2790
2228 3378
2879 2660
1696 5453
3443 2418
2503 3364
2494 3638
3889 2417
3211 2758
2696 3814
4347 2281
3632 2777
3410 2707
2874 3909
3985 2520
6406 2126
3379 3124
2943 3973
2947 3716
4652 2739
3650 3119
3892 3267
2427 5635
3806 5604
3403 3634
6623 4055
3416 3668
5022 5169
2841 4521
4736 5764
3084 4106
6378 4853
3572 3633
3573 3705
5834 5866
6781 2599
3817 3948
6796 5126
3774 3996
4641 3470
5929 3487
5238 4026
4508 5163
5384 5194
4814 6022
6719 4875
5288 6344
6904 6003
1773206036 2038623123
1
sift 125
175 429
221 339
191 462
243 475
228 403
336 621
255 659
432 850
318 619
508 874
398 593
613 866
372 722
457 1517
441 788
656 1661
521 808
734 1465
630 893
967 1481
551 1073
910 1631
555 1084
892 1784
604 1007
961 1746
694 1058
912 1896
667 1385
1095 1819
683 1375
1244 1641
979 1173
1083 2166
685 1827
1251 2027
731 1855
1023 2784
873 1606
1356 2114
951 1665
1325 2288
1063 1668
1264 2366
1131 1775
1213 2661
1518 1620
1161 3108
2054 1757
1035 3895
1255 3197
1312 2683
1829 2077
1225 3036
1437 3014
1206 3367
2099 1997
1536 2451
1834 2815
1608 2400
1469 4736
1306 4040
2693 2238
1584 3268
1598 4399
1707 2985
1801 4169
1501 3593
2479 3106
1582 3528
2192 3674
1690 3293
2430 3393
2287 2299
2674 3578
1594 3659
2254 4024
1737 3269
2700 3791
1783 3126
2224 5079
2042 2946
2773 4097
2631 2364
2815 4167
1550 5683
2714 4485
2510 3220
3827 3060
2245 3746
2905 4113
2153 4094
3796 3382
2311 3923
2985 4544
2075 4569
3382 4217
2146 4707
2947 5220
2874 3439
2842 6140
3157 3285
3779 4292
3060 3619
3283 5203
3943 3052
3150 5636
2456 5471
3347 5897
2696 4827
3379 5992
2713 4874
3483 6180
3046 4463
4064 5251
3577 4172
4024 5360
3750 4255
4068 5503
3203 5098
3601 6538
3875 6132
4385 5559
6070 6738
6253 4960
1773206036 2083920370
1
sift 104
191 283
140 100
255 277
125 154
327 257
458 507
573 434
494 491
514 744
607 524
883 468
995 608
683 596
1038 903
711 602
1128 865
604 832
1712 794
598 902
1095 1153
731 729
1460 932
499 1183
1577 879
521 1236
1256 1057
783 1025
1735 1002
934 968
2284 795
975 1121
1362 1399
1361 1038
2138 1055
1170 1185
1612 1359
1255 1252
2134 1065
1490 1106
1280 1868
1297 1451
2008 1249
1730 1155
2042 1453
1238 1996
2117 1437
1441 2021
1717 1896
2086 1440
2194 1533
1636 2028
1953 1695
1888 2182
2369 2013
3063 1602
2267 2230
2172 2338
2340 2093
2224 2269
2647 2077
3438 1601
2696 3000
1785 3032
3893 2192
1938 3159
2809 2873
2131 3207
3837 2220
2517 2771
3269 3119
3211 2759
3171 3201
3985 2434
2874 3765
3052 3037
3632 3067
3087 2995
6406 2082
3443 3004
2652 5129
3410 3417
3889 3734
3628 3231
3936 4069
3572 3521
2968 6025
3650 3557
4600 3799
3773 3707
5231 3577
4369 3824
6224 3277
4431 3934
5800 3763
4677 4408
4823 4890
4743 4438
6045 3823
5238 5541
5022 4953
5713 6192
4171 6510
5476 5505
5965 6329
1826515677 1855394159
1
sift 174
2245 6710
266 151
84 34
603 269
165 110
1069 622
346 155
829 499
665 181
1162 643
472 353
1201 490
620 376
1158 726
548 459
976 601
538 483
1409 748
795 372
1110 703
1463 315
1534 925
1111 368
1204 664
893 526
2036 825
1238 507
1249 693
906 676
2364 1080
1309 605
1505 626
816 932
2380 1368
1355 645
1562 610
1415 839
2708 1392
1286 738
1270 835
2416 739
3180 1675
1446 807
1548 811
2010 884
3130 2588
1526 1011
1749 926
2462 812
4554 2242
2142 856
1800 956
2344 847
3538 2679
2154 905
2011 981
1980 1001
4380 2516
2317 996
1948 1129
2012 1135
6149 2040
1914 1152
3028 989
2680 1037
6524 2076
2077 1215
2543 1213
1999 1256
4956 2519
2323 1200
2521 1275
3279 1023
6424 2653
2534 1197
2815 1189
2654 1206
5351 3202
2591 1318
2042 1586
2532 1435
6010 2982
2681 1306
2509 1503
2844 1302
7395 2827
2465 1491
2726 1441
2661 1428
5422 4317
2813 1354
3095 1536
3325 1203
2366 1610
2826 1715
2924 1399
3958 1149
3131 1631
3647 1207
3192 1369
2943 1768
3694 1228
3386 1316
3100 1794
2935 1484
3262 1446
3602 1617
3172 1499
3882 1402
3191 1816
5576 1305
2842 2072
3050 2180
3911 1653
2950 2155
7152 1415
3184 2091
3575 1866
4002 2027
3097 2177
3243 2115
2992 2561
4073 1746
3682 2010
4158 1961
2490 2819
3610 2195
4207 2341
3950 2128
4315 2327
3399 2762
3819 2654
5512 2094
5771 2068
5765 2165
6347 1987
5032 2507
5360 2268
5439 2316
4194 2960
5076 2449
4557 2613
6436 2749
4876 2570
6856 2209
6726 2710
6207 2417
4676 2816
5181 3262
7506 2120
5572 2641
5132 3455
5798 2622
4780 2938
5804 3579
4463 3181
4673 3048
7040 3209
5685 2715
7365 2442
6336 6715
4446 3437
7151 2549
4733 3335
5464 3294
4697 3944
3592 5430
5999 3542
5247 3887
7311 3615
6326 3996
4374 6174
6071 4541
6781 4736
1826515677 1864890366
1
sift 87
568 878
266 301
370 379
334 519
1249 1281
616 640
952 698
656 691
1578 1778
744 740
1269 1583
886 867
1865 1534
918 938
1334 1694
706 1379
2526 1857
1114 887
1286 1889
1158 854
2166 2539
1069 1007
1948 1248
1162 1055
2924 1861
919 1496
1800 2298
1093 1315
2680 3082
1385 1036
2035 2112
1320 1289
3711 2295
1596 1366
1928 2331
2194 1062
6359 3798
1534 1538
1869 2487
1623 1960
1779 1709
1777 2927
1697 1939
1593 2259
2509 2199
2076 1654
1860 1991
3095 2660
2394 1888
2556 2394
2674 3423
3282 1987
3309 1983
3399 2702
2417 3169
3142 2381
3227 3785
2249 4117
2780 2883
2943 4888
2903 3608
3208 3076
3459 4455
2796 4043
3126 3689
3191 4887
3124 3972
3801 2994
5271 3509
3999 2805
3499 3660
3538 3857
3490 4030
2999 4915
3517 4232
3922 3962
4218 3761
4362 3852
4183 4281
4206 4269
4554 3824
4956 4206
5350 4055
6010 3560
5473 4116
5086 4589
5479 4513
1826515677 1920022255
1
sift 72
568 874
266 288
370 368
334 501
1058 752
616 581
481 571
434 691
1073 888
656 673
811 987
920 956
1249 891
1114 852
1269 1105
1093 1060
1527 1720
1069 1124
812 2250
918 1487
2924 1524
1385 1475
1205 1812
945 2718
1738 2879
2194 1084
1286 2225
1596 1577
2526 1848
1534 1895
1948 1537
1488 2167
3711 1822
1593 2254
2035 2215
1777 2696
5439 2017
2228 2599
3504 1562
2011 3150
4159 2624
2395 2997
3399 2091
2249 3275
4339 3506
2100 3962
3418 2613
3029 2353
6029 3731
2394 3360
2841 3248
2315 3802
2180 4694
2726 3991
2309 4429
3126 2839
3095 3196
4183 2502
3309 3471
3004 4180
3554 3251
3499 3379
4194 3451
3701 3324
3976 4197
4675 3329
4362 3927
4099 4611
6198 3027
5086 4737
5926 4412
5772 4799
1826515677 1921474720
1
sift 60
1069 946
685 310
829 480
538 560
1162 1510
1193 704
1204 782
1433 637
2380 1201
1380 675
1446 808
2680 942
2708 1872
1286 955
1749 811
3524 863
2556 2425
1777 971
1914 1133
3358 1097
3181 2255
2011 1216
4156 1121
2883 2268
2976 3297
2815 1629
2726 1738
3418 2322
4380 3661
4651 1274
3100 1743
4000 2361
6662 3528
3095 1753
2825 2058
5798 1800
5263 4719
3200 1916
4330 1609
3442 2675
3131 2108
3227 2554
4673 2208
3717 2582
5689 2369
4195 2602
4781 2695
5058 3302
5194 2712
4876 3556
6727 3723
5248 3399
5311 3659
7058 3663
3985 4844
5834 3778
4684 6215
6573 3735
6601 4143
7457 6142
1833366323 1921474720
1
sift 433
29 47
35 60
51 64
48 59
53 94
38 87
78 75
70 67
90 154
54 92
128 167
66 86
134 169
84 74
137 201
99 83
135 174
112 113
185 195
119 139
146 259
101 184
192 212
109 189
191 219
158 215
209 311
165 240
280 326
182 258
332 298
173 272
283 395
187 290
317 324
238 233
394 309
228 252
366 380
180 338
345 519
244 236
446 409
257 222
414 469
212 301
480 480
240 265
519 493
237 284
497 573
297 277
586 513
310 276
499 638
286 305
490 717
383 250
530 656
361 312
485 762
344 337
596 607
341 350
597 660
356 371
685 572
421 317
582 733
320 446
678 635
342 491
533 824
432 400
563 792
358 504
735 689
377 475
571 801
386 534
649 810
391 554
739 606
418 496
764 759
464 449
860 646
333 734
754 941
438 490
781 880
496 459
767 987
393 641
775 935
435 548
851 912
610 411
872 878
560 437
882 904
428 637
675 1385
547 497
889 1002
565 495
1059 756
452 657
934 952
556 539
918 922
449 694
933 994
422 800
899 1009
554 571
931 1155
598 542
1103 961
642 512
837 1369
608 549
1419 831
656 520
985 1236
625 561
919 1427
682 506
982 1347
506 676
1248 1017
555 620
1064 1271
504 701
1086 1239
640 564
991 1676
655 559
1124 1514
689 552
1320 1196
510 730
1115 1583
627 618
1230 1591
568 710
1102 1821
498 832
1197 1658
545 771
1179 1675
669 643
1444 1392
513 910
1400 1461
747 608
1114 2066
786 586
1751 1159
831 569
1521 1386
725 806
1458 1451
634 954
1356 1609
833 661
1323 1743
645 1040
1142 2328
532 1316
1283 1841
884 700
1332 1968
924 727
1848 1274
663 1197
1441 1783
929 774
1349 1954
802 934
1397 1854
763 1044
1484 1867
727 1141
1222 2633
748 1106
1433 2118
845 927
1539 1975
977 790
1327 2381
717 1208
1538 2103
953 838
1475 2101
879 932
1393 2411
838 992
1588 2040
852 990
1647 1893
1061 783
1594 2188
849 1065
1865 1828
770 1241
1463 3081
1297 683
1635 2630
787 1230
1461 3494
1111 820
1744 2689
902 1081
2113 2057
1020 942
2053 2207
1204 812
1971 2409
1050 966
2002 2490
1123 905
1990 2541
1290 773
1654 3499
893 1207
2056 2473
1117 969
1674 3635
978 1175
2462 1983
1058 1103
2173 2516
915 1367
2460 2161
1004 1210
2247 2433
798 1742
1975 2989
1094 1119
1755 3742
1241 975
1994 3032
812 1834
2321 2537
973 1446
2304 2553
1000 1462
2150 2870
1216 1138
2622 2309
1052 1419
2068 3240
964 1653
2290 2875
907 2003
2132 3472
945 1903
2455 2779
913 2086
2266 3204
1318 1212
2549 2722
1287 1308
2127 3776
1304 1317
2589 2747
1054 1881
2126 3987
1178 1568
2234 3808
1014 2042
2095 4524
1285 1443
2533 3651
1009 2222
2856 3007
1167 1697
2143 4966
1301 1500
2270 4444
1602 1199
2695 3327
1449 1345
2479 4037
1038 2248
2889 3213
1104 2121
2860 3520
1253 1696
3142 3064
1166 2062
2432 5220
2165 1082
2772 3777
1470 1662
2586 4795
1808 1379
3450 3382
1903 1339
2511 5685
1206 2497
2883 4366
1131 2816
2913 4319
1175 2646
2929 4300
1295 2258
3306 3931
1708 1590
3807 3131
1346 2201
2818 5006
1653 1661
3476 4068
1437 2212
3114 5193
1408 2301
3438 4679
1673 1764
2960 6472
1813 1691
3208 5975
1645 2028
5073 3420
1693 2009
3310 5964
2120 1576
3099 6581
1438 2913
3616 6261
1659 2449
4425 5249
1430 3070
3871 5594
1964 2018
4084 6211
1267 4140
3743 6077
1549 2987
4266 6303
1642 2708
4017 5358
1571 3018
5362 6147
1498 3349
4222 5979
2094 2119
1658 2944
2492 1761
2307 2046
2560 1796
2169 2338
2301 2297
2025 2694
2563 2038
2272 2417
2526 2110
2545 2098
1919 3050
2481 2205
1900 3180
1869 3502
2612 2196
1930 3408
1936 3389
2437 2536
2190 2854
2289 2724
1941 3637
2593 2489
2286 2986
2149 3357
3349 1943
2265 3226
2743 2526
3049 2317
2421 3144
3107 2408
2352 3850
2530 3629
2326 4305
3571 2566
2668 3577
2388 4471
2403 4458
3551 2684
2569 4133
3915 2478
3242 3030
2944 3481
3491 2888
3079 3486
3479 3068
3127 3485
2690 4333
3397 3237
3031 3918
3263 3628
3441 3449
3074 4048
2627 5247
3487 3556
2431 6771
2827 5104
3746 3501
3825 3429
3387 4176
3601 3874
4116 3391
2741 6381
3358 4567
3693 4402
4267 3806
4526 3607
3707 4565
3028 6684
4525 3940
4273 4118
3176 6513
3930 4559
4540 4292
4061 5024
5440 3793
4036 5479
4145 5620
3950 6409
4600 5339
3696 6820
4156 6173
4579 5499
4224 6765
5363 6664
1833366323 1987962344
1
sift 95
94 69
54 35
134 108
109 111
135 109
367 159
185 105
256 238
284 214
302 255
366 283
377 234
675 278
618 244
790 467
243 726
394 431
281 536
956 434
545 276
851 601
432 448
931 587
341 666
1142 566
438 519
791 907
506 477
1093 718
568 512
1513 586
652 500
934 873
775 690
1283 868
973 554
1124 856
849 739
1413 884
1174 556
991 1089
3834 359
1466 910
1329 900
1674 985
1408 937
1596 1058
1919 774
1317 1227
924 1763
1588 1168
1256 1376
1640 1189
1201 2048
2132 1207
2581 980
2557 1065
1730 1390
1994 1694
2617 1336
2234 1577
1659 2476
2151 1878
2109 2094
2250 1785
2326 1754
3877 1456
2025 2231
2240 2382
3319 1475
3413 1856
1787 3260
2773 1986
2303 2448
3264 1968
4112 1566
2695 2595
3031 2734
3131 2301
2690 3622
3438 2420
2167 5779
3186 2601
4658 2342
3748 2353
5049 3751
4474 2078
5306 3595
3412 2692
3890 5179
5417 2392
4049 6093
3961 3318
5185 3705
5156 5190
1833366323 2083920370
1
sift 70
134 104
54 28
135 105
367 154
283 211
256 239
675 277
377 241
445 348
302 321
568 485
281 505
394 425
545 290
790 468
504 300
956 427
341 611
597 627
652 456
851 567
644 859
791 795
702 850
931 706
1214 488
1142 596
860 1343
985 846
1389 800
1466 811
1093 1055
991 1204
1408 865
1413 895
924 1636
1283 1315
1919 808
1588 1300
1256 1242
1367 1706
2431 777
2391 1038
1874 1059
2132 1155
1201 1722
2250 1602
1025 2855
3264 2181
1254 2510
3961 3133
1520 2415
5416 2877
1943 1753
4429 4024
2025 1924
2617 1533
2109 1990
1671 3319
4112 1327
2252 3167
2575 2955
4658 2085
2690 3615
4556 2291
3318 4148
5082 2842
5306 2767
3733 5486
4049 5811
1840503205 1864890366
1
sift 76
0 0
6 8
207 217
27 34
247 245
33 31
547 301
18 45
746 473
106 91
869 733
187 232
1267 877
254 337
1347 992
287 436
1063 1466
479 341
1642 1010
579 565
1432 1233
718 549
1928 1062
707 624
1815 1549
796 803
2265 1983
687 1022
2324 3107
890 738
3971 3268
929 746
1027 743
1280 927
1275 1066
1948 882
1041 1637
1362 1382
1523 1397
1998 1144
1674 1346
2407 1096
2125 1271
1455 1906
1945 1517
1778 1717
2152 1474
1245 3321
1494 2545
2493 1459
2398 1529
2118 1830
2720 1523
2460 1747
4859 1084
3381 1421
2272 2134
1687 3375
2260 2295
1708 3712
2863 2064
3246 1815
2018 3473
3135 2068
1804 4729
2234 3679
3173 2403
2768 3084
3339 2493
2497 4133
3255 2919
3304 2922
3483 3626
4389 2916
4701 3983
4743 4710
1840503205 1920022255
1
sift 67
207 204
6 10
339 157
4657 52
547 288
187 209
746 478
287 272
548 677
479 322
717 1096
417 640
1267 933
707 547
1064 1166
667 659
1655 852
890 753
1347 1027
828 879
1642 1038
1190 917
1928 1084
1280 988
1903 1665
1498 1164
1965 2309
1977 993
2002 3819
1362 1431
2741 2996
1674 1172
1520 1358
2380 953
1778 1236
1122 2127
2125 1144
1608 1542
2034 1293
1998 1352
2368 1327
2339 1474
2118 1696
1810 2073
2290 1668
2135 1785
2398 1685
2720 1516
2260 1822
2161 2220
2456 1951
2648 1944
2197 2478
2494 2241
2573 2190
2819 2065
2160 2919
4594 1581
2509 2722
2863 2399
3135 2283
2916 2615
3065 2854
3339 2608
4109 3381
3762 4262
4741 3586
1840503205 2106903792
1
sift 126
279 269
63 177
367 897
141 271
339 834
199 705
427 800
254 513
442 910
243 578
725 659
233 786
609 766
273 676
344 1717
302 632
832 714
418 482
679 1087
413 520
716 1198
494 462
720 1673
486 616
862 1001
646 526
746 1732
491 788
771 1622
349 1330
987 1984
414 1040
955 1548
579 892
869 2893
583 932
1035 1882
497 1267
1592 1588
525 1138
1155 2027
762 809
1514 2258
462 1572
1269 2733
627 1331
2243 1614
643 1582
1525 2345
840 1159
1419 2658
764 1465
1363 3463
1283 880
1267 4123
897 1258
1950 2234
817 1637
2054 2776
1487 998
2002 2281
789 2185
2184 4024
998 1519
2598 2405
1108 1481
2069 4602
839 2548
2082 4048
1107 1812
2292 3816
1018 2075
2261 3922
1508 1534
2689 4346
1299 2062
2174 4313
1081 2910
2745 4196
1435 2151
2887 2730
1341 2365
4671 4645
1248 2690
1570 2128
1643 2175
1581 2439
1365 3074
1952 2042
1437 2952
1943 2065
1905 2244
1860 2399
2130 2001
1357 4070
1707 2700
1512 3332
2050 2341
1924 2639
1692 3306
1535 4593
1681 3989
1787 3733
2230 2643
2172 2722
2020 3066
2117 2906
1921 3610
2354 2718
1918 4344
2313 3275
2646 2885
2093 4337
2000 4676
2544 3509
2458 4058
2454 4069
2274 4740
2815 3870
3130 3540
2997 4508
3332 3722
3202 4096
3231 4133
3395 4390
4608 3939
1840503205 2114019812
1
sift 106
125 205
73 169
383 143
112 223
367 474
151 244
435 493
243 365
408 461
417 623
427 535
407 818
442 560
485 713
415 580
513 858
630 693
525 1004
637 767
746 716
879 647
579 896
720 785
627 867
679 954
708 796
755 1029
643 887
1054 729
730 940
725 1896
700 1016
819 1211
836 924
1113 1393
873 1050
771 1434
854 1225
1106 1817
843 1268
918 1280
998 1062
1320 1733
1133 1094
1419 1384
972 1358
1779 1658
1225 1448
1035 2027
1042 1735
2181 1882
1923 1177
1155 2028
1011 1873
1816 2747
1179 1634
1514 2357
1081 1876
2138 2662
1304 1905
1928 2083
1512 2004
2930 2466
1617 1913
2033 2161
1608 2043
3402 2409
1707 1967
2145 2280
2131 1719
4760 3877
1674 2165
2078 2338
2036 2041
2306 2007
3325 1944
1847 2386
1869 2468
2079 2699
2407 2151
1764 2716
2397 2547
2160 2360
2006 2498
2206 2928
2020 2596
1498 3463
2666 2724
2260 2505
2161 2690
3957 2568
2093 3166
2945 2488
2514 2882
2308 3293
3200 2594
2863 2852
2963 3150
2582 3482
2971 3257
2705 3464
2336 4105
3640 2941
3340 3515
2997 3991
4109 3980
1843658020 1851449577
1
sift 110
117 84
8 10
136 109
88 72
2956 1067
248 213
280 214
320 177
3388 1847
270 211
333 635
247 277
2398 4762
304 222
894 576
319 360
5319 2036
374 349
999 795
469 306
410 380
920 1156
397 462
468 498
1168 948
496 552
543 510
1154 1050
600 843
741 760
1299 1285
875 660
905 877
1486 1428
1231 757
1113 880
2555 1264
879 1329
1434 834
2002 1641
1227 1042
1401 977
2231 2524
1403 1016
995 2114
2630 2106
1635 1076
1760 1243
2964 2020
1677 1413
1757 1338
3677 1960
1197 2444
1603 1549
2626 2923
1834 1453
1483 2090
2735 2903
1359 2511
1907 1576
2869 3194
2193 1470
2271 1498
3349 2754
1998 1726
1965 1826
3542 2964
1865 2063
1824 2390
4058 3480
1633 2832
1944 2209
4647 3144
1591 3647
2315 1991
4494 3691
1980 2630
2023 2635
3095 5124
2474 2064
1924 3065
3997 4730
2637 2074
4666 1393
5124 4824
2406 2536
2912 2144
2460 2596
3257 2154
2463 2947
3148 2379
2501 3440
2569 3763
2390 4237
3245 2815
3661 2632
3115 3877
3086 3963
4385 2871
3108 4733
4603 3428
3476 5071
4230 4442
4641 4098
4675 4299
4710 4313
4464 4636
5010 4189
5550 3595
5494 4805
1843658020 1920054710
1
sift 462
116 79
34 24
123 74
40 21
136 84
138 66
198 122
115 98
1170 926
196 131
239 115
212 149
1179 1185
248 145
225 189
256 161
1588 1018
252 166
280 156
271 154
1420 1130
270 232
333 203
298 223
1530 1507
316 227
317 243
312 247
1826 2565
304 267
365 237
342 255
3234 1528
382 217
576 264
319 289
2322 1971
352 252
508 402
408 211
2786 1990
374 257
733 400
397 260
2319 2548
302 443
673 490
386 316
2925 2299
445 299
730 473
464 298
2009 4373
413 348
798 475
410 355
3754 2361
484 296
1453 337
468 307
3164 2848
628 236
1039 502
340 482
2461 5272
459 329
853 638
496 353
2852 4717
487 366
863 634
437 412
4092 4378
514 375
1107 647
623 314
3920 4609
486 410
920 779
543 365
3883 4968
494 437
1128 663
489 459
449 501
925 858
556 427
469 539
1093 749
551 527
600 481
1014 862
523 577
718 428
999 1033
707 461
659 503
1345 782
1059 349
796 464
1346 987
661 531
627 566
1412 996
701 568
747 554
1489 1100
765 551
774 549
1360 1178
831 548
846 540
1276 1501
803 582
906 515
1278 1623
740 664
805 641
1785 1144
648 786
801 650
1449 1503
841 643
869 686
1261 1901
784 784
1096 576
1509 1619
917 670
737 846
2005 1297
903 693
895 709
1390 2045
927 731
962 712
1713 1715
879 768
1001 740
1634 1852
1175 667
866 885
2053 1444
1037 770
922 884
1496 2212
1019 854
861 1066
2234 1356
1167 761
1033 927
1956 1616
1252 795
1158 877
2128 1460
871 1190
1092 979
2567 1274
1113 962
1121 966
2391 1339
893 1262
2341 574
1970 1703
868 1384
1363 861
1911 1797
1271 955
1430 828
2375 1396
1359 915
1408 934
2111 1796
1215 1083
1424 924
2533 1532
1612 823
1210 1138
3090 1331
1282 1103
1245 1142
2370 1673
1298 1127
1355 1093
2249 1752
1457 1070
1439 1092
2146 1903
1481 1084
1130 1498
2799 1615
1270 1257
992 1830
2477 1841
1455 1126
1483 1113
2087 2116
1834 949
1223 1530
1923 2485
1231 1522
1528 1153
2889 1738
1674 1089
1520 1182
3623 1510
1552 1226
1462 1318
2167 2274
1730 1163
1428 1443
2430 2043
1652 1301
1401 1638
1995 2831
1375 1708
1567 1439
2630 2218
1425 1663
1522 1574
2257 2605
1639 1413
1666 1442
2772 2231
1863 1281
1802 1361
2513 2508
1804 1366
1813 1469
2174 2976
1846 1446
1677 1643
3182 2021
1907 1437
1986 1347
2641 2423
1874 1488
1734 1627
1963 3624
1896 1497
1722 1651
2554 2570
1878 1527
1854 1567
3306 2020
1638 1788
1795 1612
3243 2215
1861 1592
1913 1558
3287 2195
1818 1697
2099 1471
3121 2327
2620 1232
1776 1862
2735 2731
1944 1695
1865 1795
3368 2213
2108 1535
1828 1847
3457 2192
2359 1359
3688 1082
3132 2561
2613 1294
2036 1649
2795 2933
1633 2131
2347 1481
2986 2767
2446 1432
2162 1626
3013 2799
2286 1568
1968 1867
3349 2467
1811 2044
2275 1601
3702 2426
2785 1360
2067 1831
4463 2133
1710 2272
1932 2010
3404 2856
2176 1809
2103 1915
3308 2982
1757 2415
2305 1771
2942 3437
2452 1702
3140 1397
3906 2603
1794 2402
2698 1606
2182 5429
3069 1463
2901 1551
2589 4266
2405 1851
1998 2227
5068 2258
1808 2616
2113 2079
3902 2774
2562 1802
2672 1757
4417 2558
2135 2109
2218 2029
3239 3356
2456 1898
1937 2477
4337 2615
2719 1815
2501 1940
4048 2938
2409 1970
2170 2214
4397 2813
2202 2174
2342 2086
3217 3817
2280 2147
2136 2378
2844 4869
2497 2018
4439 1367
2918 4906
2407 2080
2524 2041
3263 4115
2778 1934
2335 2222
3818 4190
2331 2234
1877 3123
4434 3608
2858 1946
2460 2175
3542 4837
2588 2101
3291 1855
3461 5087
2390 2380
2252 2590
4336 3977
2682 2244
2315 2606
4816 3666
2863 2188
2831 2226
4058 4625
2213 2954
2861 2269
4845 3913
3036 2173
2569 2542
4182 4656
2345 2792
3379 1991
4952 3914
2870 2347
2841 2391
4024 5039
2835 2396
3724 1926
4041 5292
3194 2139
2955 2338
5044 4342
2355 2945
2463 2816
5176 4259
2990 2341
3144 2223
5419 4126
2514 2801
2440 2937
4729 5248
2798 2656
3078 2406
5461 4680
4302 1958
2928 2729
3256 2421
2924 2775
3131 2580
4094 2073
3482 2370
2493 3433
4388 2063
2701 3175
3346 2617
3276 2694
3679 2403
4338 2275
3817 2568
4698 2256
2965 3394
3285 3011
3476 2842
2813 3661
3245 3106
3108 3333
3428 2998
4051 2621
3626 2942
3452 3246
5310 2386
3599 3179
3269 3611
3651 3196
4022 2989
2991 4481
2661 5335
4267 3055
4039 3173
4132 3131
3008 4763
4491 3041
5153 2850
3705 3670
3426 4447
3736 3935
3406 4539
3585 4268
3338 4924
4037 3819
4382 3595
3727 4263
3148 5441
4559 3660
4400 3799
4725 3848
4017 4589
5001 3723
4618 4070
4675 4109
4716 4119
5083 3841
5013 3947
5205 3810
5003 3992
4036 4996
4575 4416
5459 3640
3972 5178
4907 4294
4335 4902
4529 4790
4659 4704
5204 4260
5112 4537
5394 4316
4642 5174
5099 4843
4976 5435
5474 4879
1843658020 1953779666
1
sift 54
103 85
142 51
164 120
496 604
286 248
425 702
399 307
1153 966
438 380
1245 1801
571 646
1113 3008
778 640
1401 3052
792 709
1896 2201
961 757
2681 2858
1042 897
3281 2646
1052 1001
2835 3249
1417 970
2682 5111
1201 1200
2996 5214
1257 1223
4681 4090
1285 1395
4017 5435
1725 1168
5206 5733
1700 1221
1619 1403
1642 1436
1571 1534
1599 1940
2639 1589
2173 1934
2321 1954
2238 2275
3192 1827
2410 2242
2553 2319
2688 2563
4052 2115
2608 3262
3241 3097
2666 4017
2552 4917
5026 3957
5561 4141
5300 4949
5084 5840
1851449577 1920054710
1
sift 66
1428 1097
10 2
2754 2467
157 119
2859 2435
88 276
3480 4625
213 145
222 267
353 302
501 343
552 353
379 534
396 653
4558 186
647 468
702 515
709 640
669 708
545 897
721 695
425 1562
1143 564
4796 357
1120 629
778 899
1487 600
990 816
662 1471
1178 1067
548 4961
2569 789
1041 1552
2367 911
745 3555
1413 1643
2077 1186
1433 1804
2209 1695
1925 2118
1845 2276
2195 1976
4021 1390
1351 3573
4731 1367
2535 2080
1943 2676
1991 2606
2832 2131
1524 5287
1837 4652
2498 3465
2941 3007
4237 2380
3190 2932
4916 2243
4921 2424
3522 3113
4840 2834
5071 2842
4760 3277
4733 3333
2940 5476
3173 5161
4299 4109
5038 3589
1851449577 1951198567
1
sift 588
189 81
11 4
2010 690
24 8
30 10
339 176
31 14
2128 889
86 40
38 23
354 189
62 26
1721 999
98 51
80 31
321 200
76 35
2690 981
103 52
78 36
454 219
126 38
2548 1169
111 60
72 49
514 306
124 43
4595 1588
127 70
131 50
566 300
120 66
3673 1914
132 100
143 63
772 329
148 68
168 93
161 65
768 386
259 56
185 92
146 83
869 415
194 72
186 119
176 82
795 454
180 84
224 115
181 85
1127 550
145 105
240 125
219 97
1136 584
150 139
213 144
210 109
1205 568
211 117
323 123
223 131
1009 654
288 120
343 155
227 135
1050 656
254 133
460 204
269 141
1221 722
290 149
557 210
261 163
1285 785
346 142
511 280
334 147
1706 747
306 154
687 250
286 160
1670 913
337 156
535 287
356 164
2073 1032
332 169
462 355
428 152
2651 1034
370 165
572 373
394 157
2314 1098
318 174
799 339
393 159
3534 976
477 153
547 468
385 185
2775 1097
383 188
827 366
409 183
3199 1182
277 238
702 540
324 217
3244 1225
206 305
636 606
372 209
3624 1215
348 230
1207 458
443 198
2419 1519
392 232
1336 509
466 218
2754 1436
518 206
1448 618
451 240
2523 1532
434 244
1380 745
414 263
4042 1335
473 245
1551 843
502 241
3480 1412
491 248
1742 802
476 257
3160 1522
465 268
1602 861
458 281
5101 1531
352 356
1559 920
498 284
4690 1731
508 282
2197 803
633 251
3388 2000
523 278
1948 864
565 289
4360 1857
479 320
1936 891
384 384
3351 2059
656 288
2469 834
501 336
3849 2024
634 301
1776 944
643 299
4231 2087
536 334
1988 903
591 323
4294 2284
686 307
2666 839
560 346
5023 2575
731 304
2064 952
637 322
4171 3513
664 318
1587 1115
638 344
5124 2963
626 353
1453 1244
610 362
797 317
3655 865
738 335
654 358
2593 988
708 364
871 340
3048 939
847 350
639 398
1678 1267
713 375
793 365
2758 1060
776 369
913 351
2050 1229
665 414
667 421
2965 1116
757 385
760 390
2598 1350
574 519
804 409
2278 1556
873 387
721 438
2535 1586
734 445
851 417
3517 1483
1049 378
437 808
3581 1515
766 461
834 444
3280 1593
964 410
902 429
2867 1778
839 470
1021 420
3163 1714
951 433
848 469
3936 1625
1015 423
959 457
3711 1821
837 504
1324 388
4804 1738
863 500
971 467
4027 2051
988 465
883 507
3669 2315
1091 447
660 663
3602 2383
838 567
1122 472
4098 2272
923 537
977 517
3564 2435
852 590
1033 511
3663 2425
1153 494
1238 489
4248 2341
1142 516
1183 518
3968 2666
1196 532
1325 492
4445 2586
1316 499
1243 536
3814 3055
1290 521
1190 548
4793 2874
1363 510
1096 597
4237 3489
1157 576
1188 579
4573 3714
1047 631
727 821
4132 6426
1071 632
1262 573
1260 577
1240 587
1249 596
1284 595
1168 627
1455 557
1386 583
1332 598
1175 641
1269 619
926 746
1405 605
1442 604
1000 733
1241 653
836 858
1132 689
1346 648
1212 679
1019 783
1470 626
1113 744
1369 655
1115 748
1503 634
934 855
1301 685
1636 617
1313 687
1257 715
1234 734
1599 643
1276 738
1294 739
1963 602
1437 693
1275 760
1415 736
1131 859
1458 735
1319 822
1413 793
1554 740
1880 670
1623 713
1263 856
1556 753
1331 842
1608 761
1591 779
1533 805
1578 787
2258 667
1892 706
1504 852
1689 796
1750 786
1660 813
1477 873
1215 983
1650 829
1326 937
1254 998
1680 847
2093 772
1688 854
1013 1191
1580 888
1702 866
2169 782
1984 819
1630 894
1329 1027
2201 794
1768 872
1771 876
1496 1007
1102 1289
1374 1102
1659 980
1357 1120
2371 848
1929 917
2804 811
1548 1067
1165 1286
1506 1112
3308 804
1801 1021
1973 962
1927 986
2510 890
1354 1255
2012 995
2141 961
1916 1026
2908 860
2295 950
2379 942
2167 1000
2234 989
2079 1031
1498 1242
2568 941
2187 1019
2037 1047
2055 1052
2488 979
2477 1009
1830 1157
1826 1165
3045 934
2395 1044
2262 1080
2236 1083
1472 1403
2227 1090
1779 1219
1658 1309
1576 1385
1804 1252
1604 1386
2085 1180
2322 1119
1564 1456
3157 1025
2770 1081
2015 1236
1726 1383
2185 1199
2435 1150
3136 1043
2853 1084
3252 1042
2607 1145
2057 1280
2437 1192
2591 1176
2596 1174
2747 1141
2447 1210
3417 1069
3762 1045
2315 1249
2632 1185
2341 1250
2744 1161
1628 1579
2509 1230
2871 1156
2260 1310
2661 1207
2411 1269
1999 1409
2111 1366
2507 1261
2687 1216
2324 1323
2398 1302
2522 1273
2394 1318
2573 1277
3202 1171
2396 1351
2678 1272
2950 1213
2217 1439
2297 1423
1822 1618
2616 1382
3515 1205
2204 1512
2854 1317
2352 1467
3426 1239
3474 1245
4282 1183
2076 1636
2609 1469
4894 1179
3237 1356
2264 1622
2850 1434
3469 1342
2710 1482
3164 1398
3289 1377
3259 1387
3712 1321
3392 1360
3734 1325
2777 1474
4219 1274
3492 1374
2137 1740
2782 1537
3442 1400
3710 1375
4345 1306
3208 1446
4017 1359
2813 1557
2498 1657
3091 1475
3004 1517
3104 1529
3987 1402
5002 1282
4317 1379
4454 1371
4600 1373
3761 1472
3951 1454
2863 1646
3597 1547
2947 1662
3139 1634
3502 1583
2979 1677
3832 1548
3749 1563
4636 1468
2929 1748
3839 1581
3739 1595
3214 1684
2490 1982
3306 1687
3771 1612
4457 1549
2900 1831
2253 2221
2951 1867
4100 1623
3546 1743
4150 1655
2730 2002
4449 1626
3270 1853
3730 1770
2827 2023
3680 1814
3419 1883
2557 2290
3657 1854
3106 2012
3838 1878
4123 1846
3324 1998
4682 1763
2977 2174
4607 1816
3173 2124
4174 1892
2832 2318
4419 1871
5013 1755
4292 1899
3445 2067
3670 2014
3070 2237
3576 2095
2346 2717
3633 2133
3945 2057
4183 2017
3746 2154
2372 2822
2391 2818
4877 1944
3428 2335
4497 2052
3709 2280
3464 2392
4744 2043
5058 1976
4934 2061
4370 2235
4931 2072
3503 2492
3557 2504
3929 2412
3715 2472
4733 2206
3703 2475
4879 2225
5039 2226
3699 2654
4208 2566
2799 3182
3586 2773
3594 2784
2940 3211
3065 3239
3963 2887
3836 2980
5085 2585
3970 2973
4020 3010
4455 3071
5100 2801
5037 2934
4765 3357
4754 3439
1851449577 2032776530
1
sift 137
58 58
3 0
1209 1689
123 95
50 34
354 283
38 43
1769 3199
140 100
72 50
497 411
98 63
186 135
222 180
533 460
185 202
512 363
269 274
576 448
380 456
462 415
435 412
558 544
348 602
552 432
422 506
615 505
565 471
572 563
498 585
794 606
709 482
593 774
469 753
967 749
536 705
702 904
725 600
795 885
501 1449
1012 805
880 895
999 854
843 1268
945 903
1249 1000
961 958
1042 1167
947 987
1385 999
818 1306
1149 1284
1435 973
2234 905
1206 1158
1726 1031
1340 1217
766 2314
1285 1675
839 2147
1436 1428
1408 1301
1694 1501
776 2495
1600 1647
1398 1372
1274 2188
1226 1769
1587 1730
1329 1786
1891 1532
1132 2219
1679 1682
1576 1694
2020 2036
2050 1473
1498 1984
1938 1930
2555 1876
1016 4185
2879 1742
2511 1777
2092 2255
1779 2440
2487 2235
2592 1913
2754 2037
2488 2002
2368 2358
1999 2439
2957 2133
1508 3773
2598 2404
2295 2479
2903 2232
1804 3023
1824 3452
3214 2602
3298 2286
4098 2466
2651 2724
3730 2572
3144 2539
2535 3363
3941 2443
3597 2641
2920 2800
3039 3007
3145 2887
3474 3168
3939 2669
2741 3606
4486 2768
3502 3668
4687 2871
2929 4210
4289 3309
3709 3658
4141 3879
4793 3218
4536 3396
3762 3789
4167 3878
4282 3924
3648 4404
4183 3981
4171 4268
4805 3821
4248 4205
3893 5183
5012 3836
4934 5564
4343 4239
4561 4374
4042 5535
3199 6979
4595 6864
1855394159 1864890366
1
sift 63
151 301
168 341
279 551
237 379
269 504
482 696
398 483
558 631
499 1176
480 946
512 880
433 1263
634 825
662 1010
622 1007
744 1127
726 854
922 767
643 1055
693 1281
617 1636
886 1271
670 1694
754 1467
796 1567
924 1209
738 1889
875 1346
835 1582
1338 957
793 1885
633 3985
811 1820
897 3251
925 1538
1399 1861
926 2226
1210 2739
956 2298
1777 1576
1084 3137
1438 2418
1503 2199
1917 2064
1536 2660
1519 4792
1507 2784
2403 2127
1287 4535
2985 2020
2040 2038
2313 3404
1768 4888
2392 2961
2242 3824
2317 4411
2762 2702
2937 3661
2425 3967
2355 4530
2519 4206
2679 3857
3402 2853
1855394159 1921474720
1
sift 307
89 111
46 143
140 176
210 121
151 234
174 249
325 131
192 268
184 228
301 194
298 217
250 277
364 334
224 310
375 409
431 312
237 518
334 437
470 410
373 552
458 469
466 490
510 453
435 557
499 480
482 512
446 588
479 542
548 505
483 560
617 556
467 602
472 608
1592 287
609 572
480 620
670 680
551 549
815 589
542 559
555 891
511 633
685 721
680 571
664 782
516 812
834 656
596 683
835 691
887 497
807 808
471 1037
622 946
756 612
851 764
651 727
854 799
606 861
738 955
697 765
688 1014
708 755
926 811
615 1027
693 1034
965 675
917 827
847 769
811 950
986 703
1131 719
734 1067
695 1140
732 1102
832 1036
744 1118
710 1206
990 932
828 1068
643 1510
1232 716
1037 942
1160 762
739 1389
1013 976
899 1195
1005 993
765 1344
868 1157
920 1237
1084 983
599 2340
941 1130
1047 1119
989 1122
1100 1084
1098 1025
1043 1189
981 1216
1004 1290
1285 952
1028 1339
1152 1133
827 1771
1843 909
1853 832
1222 1261
1215 1147
1368 1201
993 1508
1177 1444
1284 1345
1049 1725
2030 973
1431 1271
991 2038
1189 1629
1424 1360
1287 1539
1320 1518
1618 1275
1270 1611
1569 1346
1746 1341
1620 1315
1280 1791
1984 1145
1130 2205
1165 1919
1433 1825
2323 1064
1392 1872
1559 1527
1524 1761
1441 1738
1742 1568
1415 1783
1375 2098
1501 1740
1404 2063
1129 2543
1547 2112
1536 1753
1478 2029
1585 1719
1901 1780
1361 2233
1494 2084
1794 1743
1701 2145
1631 2108
2088 1711
2002 1705
1988 1812
1715 2059
1674 2255
1867 1867
1909 2046
2072 1731
1507 2649
1943 1865
3406 1388
2342 1664
2106 1963
2049 1954
2252 2018
2151 1847
1922 2341
2098 2001
2529 1832
2248 1828
2040 2266
1871 2310
1808 2604
2315 1858
1920 2486
2253 1975
2622 1800
2507 1772
2353 2119
2174 2103
1958 2568
2001 2289
1743 3239
2208 2080
2617 2209
2278 2235
1978 2879
1977 2557
3138 1995
2368 2236
3048 2208
2251 2473
2476 3020
1983 2989
2960 2603
3085 1964
2392 3324
2354 2633
2620 2957
2915 2118
3179 2506
2060 3115
2303 3557
2609 2433
2696 3068
3134 2057
2873 2882
2628 2516
2571 3617
3790 1786
2515 3660
2826 2541
2717 3476
3802 2076
2679 3593
3837 2299
2955 3216
4341 2096
3150 3063
3397 2689
6707 1779
3636 2589
2777 3521
3251 2789
4546 2406
2740 3568
2272 5026
2614 4058
2982 3772
3512 2980
2842 3760
3054 3712
4239 2670
3007 3805
4032 2904
3765 3007
2894 4122
2735 4324
4080 2909
5179 2528
2868 4214
3925 3355
4451 2814
2762 4645
4726 2716
2616 5995
3825 3369
4110 3333
3704 3501
3098 4866
2754 4879
4305 3208
3917 3421
4184 3701
2814 5042
3970 3607
5667 2793
4522 3535
4094 3610
3618 4561
3432 4352
3524 4822
4279 3432
3557 4934
3234 4661
3670 4955
2591 6686
4154 4295
4499 3404
5011 3663
4212 3637
5027 3714
2829 5996
4411 4300
4152 3865
5716 3540
3243 5234
6643 3291
3627 4637
3905 5509
3998 4307
5592 4003
3660 4845
4559 5206
5566 3414
4387 5988
3447 5570
5536 4722
4386 5024
5758 4781
4225 5496
5868 4526
4602 5028
5459 5248
5044 4868
4607 6755
6003 4422
5282 6161
3729 6844
6445 5623
4517 6061
6509 5745
6295 4458
6817 5605
5538 4937
5305 6181
1864890366 1920022255
1
sift 1315
9 11
0 0
2 4
4 6
7 7
25 28
5 8
33 39
8 10
42 45
10 12
44 44
11 13
50 53
14 15
53 62
13 16
60 57
17 19
62 59
18 20
66 65
20 26
74 72
22 27
79 76
23 32
99 104
30 31
104 105
26 33
108 111
28 36
106 115
37 37
115 106
34 40
111 119
39 43
124 124
40 42
134 141
46 46
154 158
45 48
155 163
47 50
156 164
49 51
171 157
52 55
158 178
54 58
188 184
57 60
206 198
59 61
207 199
65 63
217 204
63 64
240 225
72 68
245 244
73 69
253 252
82 70
304 210
76 84
280 251
81 80
281 260
80 81
319 254
84 83
301 288
86 79
306 289
75 96
327 313
83 85
336 318
89 87
355 319
98 86
349 329
90 93
348 333
95 90
365 341
92 95
374 372
118 74
403 360
94 101
382 392
103 91
415 387
116 82
399 408
102 98
419 398
105 97
416 422
100 114
496 438
110 109
473 478
97 137
463 522
107 112
469 519
113 118
483 510
127 126
523 493
120 143
519 501
119 150
553 502
157 113
551 512
128 133
529 543
133 134
555 540
138 138
494 618
150 127
625 517
146 136
597 560
137 147
564 597
139 146
623 554
145 151
594 593
143 159
530 677
141 165
640 581
144 170
617 610
152 168
648 571
169 154
659 661
163 180
652 686
166 177
682 647
174 172
691 673
170 176
666 705
186 167
686 676
204 169
677 688
190 182
668 721
205 183
711 702
195 188
783 643
196 189
680 739
189 192
710 706
200 190
716 711
192 201
661 832
212 187
768 720
222 185
776 727
194 203
505 1541
219 193
774 812
177 241
838 733
226 211
824 754
224 222
777 829
232 209
867 744
227 224
842 770
238 213
894 738
233 217
765 927
254 206
885 836
239 230
792 951
241 229
887 852
234 234
878 874
235 237
864 908
248 227
877 933
230 250
880 937
249 226
897 974
252 228
940 926
282 216
928 963
262 245
1061 831
275 239
946 998
244 266
924 1064
334 194
836 1177
251 265
992 1027
264 253
1101 921
236 281
1013 1026
274 249
1068 968
267 257
1010 1038
276 255
984 1075
277 277
1303 889
295 278
1007 1124
320 261
1043 1085
312 286
1062 1084
321 285
1138 1030
333 291
1024 1151
322 304
1067 1109
323 300
1076 1114
423 242
1202 1036
310 338
1037 1205
335 320
1032 1233
401 270
1135 1110
342 317
1071 1209
341 322
1152 1137
344 323
1021 1321
361 301
938 1487
337 340
1111 1184
346 334
1315 1060
351 332
1188 1145
347 352
1095 1252
378 328
1212 1206
359 345
1327 1122
404 309
1139 1298
358 358
1113 1341
357 366
1392 1096
354 370
1207 1242
389 339
1408 1091
392 342
1329 1147
367 364
1289 1199
363 371
1428 1097
371 365
1208 1287
383 362
1879 904
352 404
1173 1410
372 373
1299 1302
379 368
1160 1465
386 375
1465 1166
384 377
1441 1200
376 394
1583 1105
396 396
1206 1462
393 403
1313 1393
455 348
1267 1463
417 385
1528 1235
412 389
1413 1355
410 405
1552 1245
422 390
1492 1296
398 417
1248 1537
445 367
1390 1389
426 410
1437 1364
427 427
1362 1457
429 423
1380 1454
461 401
1294 1559
432 426
1626 1266
436 433
1197 1732
449 424
1347 1564
428 443
1366 1577
554 349
1156 1916
433 441
1424 1543
450 429
1373 1648
452 434
1479 1509
472 414
1567 1460
517 383
1371 1697
492 393
1514 1562
435 453
1696 1395
465 425
1452 1709
498 416
1662 1484
388 546
1554 1620
477 436
2248 1223
467 448
1683 1536
421 508
2038 1332
468 454
1586 1659
462 460
1571 1682
491 447
1817 1485
497 446
1470 1846
479 461
1666 1624
470 480
1410 2001
474 476
1256 2339
486 465
1491 1859
475 485
1538 1895
476 487
1570 1907
542 440
1500 2030
515 471
2223 1440
502 481
1549 1971
495 491
1701 1781
489 499
1801 1704
558 450
1709 1775
504 492
1580 2009
543 458
2074 1573
506 496
1743 1778
550 463
1783 1751
571 456
2027 1651
522 507
1636 2003
524 511
1843 1738
538 509
1784 1824
535 523
1866 1737
520 537
1777 1887
612 477
1490 2385
503 562
2331 1552
557 516
2018 1712
539 533
1616 2161
541 531
1811 1926
510 578
1585 2292
566 524
1667 2119
642 474
1851 1918
507 601
1985 1806
628 495
1848 1968
627 503
1555 2453
584 538
2114 1755
607 527
1825 2012
569 551
1694 2200
537 596
1822 2051
629 526
1685 2282
501 646
1970 1989
568 584
2241 1759
511 652
1884 2048
624 547
1869 2075
589 590
1849 2131
593 591
1966 2050
572 621
1400 3119
634 588
2210 1893
615 615
1762 2345
637 598
1885 2142
651 587
1741 2398
660 573
1926 2141
708 536
1889 2225
670 561
1911 2223
692 553
1862 2313
626 637
2380 1884
665 631
2378 1902
663 635
2407 1913
673 625
2165 2093
672 629
2254 2026
674 628
2093 2219
732 613
2112 2215
605 801
2060 2301
643 714
2583 1845
696 636
1939 2458
669 667
2048 2416
714 633
2652 1883
756 612
2179 2311
690 657
2191 2320
689 669
2259 2254
871 582
2464 2098
723 663
2253 2355
750 638
2895 1837
688 693
2073 2603
658 764
2325 2332
695 704
2452 2242
735 671
2297 2404
718 689
2500 2209
785 640
2193 2546
739 683
3024 1867
730 698
2164 2636
791 653
2436 2374
724 743
2702 2091
770 687
2272 2585
738 753
2664 2218
781 703
2793 2123
743 748
2047 2909
753 751
2604 2392
797 699
3188 2000
821 680
2381 2635
741 779
2269 2726
729 793
2199 2858
782 716
2363 2728
759 763
2037 3152
815 700
2031 3180
755 772
2388 2737
749 786
2637 2474
703 866
2743 2380
849 684
2635 2645
761 799
2784 2570
809 740
2781 2589
828 722
2507 2907
799 752
2353 3123
763 820
2333 3208
764 841
2033 3923
810 794
2943 2582
709 953
3409 2323
808 813
2795 2700
882 745
3551 2287
879 774
4112 2084
857 791
2316 3403
807 858
3576 2309
837 830
2598 2986
858 823
3241 2480
788 895
3058 2613
801 885
2927 2696
884 797
3268 2496
943 737
2665 2933
845 849
3053 2656
840 863
2870 2758
818 886
2561 3173
841 875
4095 2261
1009 709
3135 2659
805 942
2709 2973
951 781
2605 3169
825 915
2659 3080
889 857
3832 2375
855 890
2550 3306
1031 713
2722 3004
831 923
2671 3120
901 851
3010 2784
811 957
2532 3399
905 853
2742 3018
917 850
2660 3196
861 914
3641 2498
883 894
3407 2628
852 939
4294 2321
872 924
2855 2994
902 887
2941 2942
910 893
3177 2791
907 907
2658 3301
994 828
2264 4412
976 845
2738 3291
934 900
2654 3526
945 898
4196 2461
933 913
3038 3002
869 991
2899 3146
929 949
3205 2916
963 909
2834 3234
923 976
3023 3127
896 1017
2800 3377
1117 784
2797 3387
944 971
3210 2975
916 1002
3123 3049
927 988
2669 3687
909 1033
3499 2837
817 1133
2852 3376
1011 911
4337 2558
912 1052
3689 2839
920 1044
3480 2936
900 1070
3050 3286
829 1154
2963 3408
893 1102
3315 3106
1035 959
3098 3296
1002 997
3728 2875
1325 755
3612 2940
1066 944
3051 3409
936 1103
3265 3206
972 1067
3215 3243
888 1193
2737 3944
1046 995
3503 3056
1249 862
3203 3304
1018 1041
3195 3311
1121 947
3151 3448
868 1293
2978 3689
895 1247
3259 3352
1079 1008
3415 3226
1064 1037
3137 3565
1047 1057
3421 3262
1281 891
3581 3192
1069 1046
2843 4131
1040 1088
3491 3290
832 1449
2860 4148
1008 1148
2894 4114
1088 1082
3163 3715
1041 1135
4101 3008
1193 1013
3292 3703
1039 1182
4032 3121
1003 1263
4292 3006
1050 1192
3660 3379
1081 1173
3604 3497
1075 1181
3357 3778
1226 1072
3347 3798
1191 1107
3362 3834
1115 1163
2878 4606
1381 1001
4116 3244
1105 1210
3500 3736
1094 1238
4044 3281
1112 1231
4117 3275
1134 1221
4725 2953
1186 1169
3365 4181
1276 1111
3814 3718
1235 1150
3192 4477
1151 1240
3201 4490
1456 1032
4633 3199
1176 1227
4221 3491
1271 1144
3293 4398
1504 1005
3442 4197
1320 1128
3536 4137
1157 1295
4158 3608
1106 1360
3852 3927
1387 1106
4466 3501
1154 1325
3966 3855
1255 1220
4055 3815
1144 1352
3752 4119
1332 1160
4274 3697
1448 1098
4036 3916
1044 1511
3754 4199
1503 1081
3933 4005
1346 1172
4005 3936
1792 935
3468 4540
1535 1083
3154 4788
1246 1320
4380 3813
1435 1159
3851 4241
1187 1406
4341 3852
1324 1261
4168 4054
1476 1143
4711 3639
1336 1255
3785 4471
1272 1331
3369 4779
1189 1427
4205 4118
1263 1344
3577 4711
1311 1308
4340 4074
1285 1353
4564 3940
1461 1191
4513 4088
1483 1174
4414 4190
1399 1288
3759 4727
1389 1300
4455 4386
1368 1342
4288 4530
1274 1445
4118 4634
1264 1476
4212 4576
1335 1403
4320 4589
1331 1409
4351 4599
1445 1310
4518 4584
1430 1324
4589 4737
1367 1390
1386 1366
1388 1370
1417 1354
1477 1292
1412 1373
1241 1551
1493 1305
1375 1430
1354 1448
1382 1431
1467 1404
1537 1346
1670 1225
1422 1479
1316 1612
1319 1616
1717 1236
1730 1230
1427 1502
1469 1472
1196 1828
1627 1351
1236 1830
1451 1592
1402 1654
1523 1516
1457 1602
1369 1700
2123 1162
1607 1452
1429 1678
2905 989
1558 1563
1622 1493
1673 1474
1890 1337
1338 1879
1841 1375
1464 1703
1863 1369
2338 1176
1406 1773
1819 1405
2099 1291
1665 1514
1529 1685
1339 1965
1557 1677
1766 1489
3518 985
1612 1634
1733 1520
1395 1941
1719 1547
2007 1391
1998 1401
1716 1566
1688 1611
1431 1951
1628 1674
2212 1336
2965 1093
2310 1318
1793 1583
1845 1535
1861 1524
1286 2389
1421 2067
1581 1794
1480 1994
1641 1741
1723 1684
1473 2033
1883 1582
2474 1329
2022 1513
1837 1669
1874 1650
2066 1560
1646 1855
1968 1614
1460 2241
1830 1696
1735 1774
2807 1254
1959 1649
1882 1688
1680 1925
1533 2198
2019 1660
2399 1481
1796 1807
1755 1873
1852 1752
1534 2305
1610 2140
2175 1657
1824 1871
1543 2362
1803 1909
1857 1848
3389 1239
2145 1692
2103 1721
2127 1705
1974 1795
1789 1996
1814 1966
1937 1832
1932 1834
1710 2112
1756 2053
1975 1838
2035 1792
1661 2212
2057 1820
2383 1662
2570 1554
2025 1878
2471 1633
1908 1974
2483 1626
2227 1729
2647 1527
1901 1981
1625 2397
2236 1740
1724 2249
2521 1639
2534 1630
2286 1742
1739 2276
2092 1921
1726 2298
1608 2542
1686 2402
2014 1997
2075 1984
1576 2664
1746 2328
2314 1784
1774 2308
2258 1849
2295 1822
2365 1777
2274 1865
2409 1764
2021 2072
2291 1868
2194 1977
2567 1714
2249 1944
2292 1912
1778 2425
1948 2190
1770 2434
1940 2231
3111 1525
1645 2668
2306 1940
2502 1785
2011 2214
1749 2565
2154 2090
1821 2448
1930 2325
2372 1959
2873 1661
2563 1803
2330 1999
2097 2220
2160 2159
2601 1802
2068 2283
2238 2089
2528 1890
2690 1747
2607 1817
2499 1927
1878 2464
2341 2045
1773 2666
1962 2421
2153 2246
1949 2426
2152 2257
2219 2186
1973 2463
2064 2399
2231 2216
2651 1861
2083 2395
1860 2619
2122 2365
2329 2148
2195 2303
2615 1942
2887 1743
1969 2538
1903 2627
2744 1851
2077 2493
2790 1833
2030 2556
2568 2038
2459 2149
2461 2180
2506 2147
3049 1787
2168 2515
2484 2203
2118 2587
2293 2400
2444 2265
2202 2483
2668 2039
2418 2302
2558 2154
1859 2879
1947 2761
2910 1914
2267 2455
2460 2317
2197 2610
2023 2770
2993 1945
2054 2764
1951 2892
3067 1955
3096 1973
3404 1827
2217 2713
3094 1991
3387 1854
4331 1675
2046 2944
2324 2647
1972 3067
2581 2427
2395 2677
2969 2146
2318 2738
2901 2194
2858 2229
2509 2574
2493 2608
2856 2264
4181 1767
1747 3988
2599 2540
2729 2407
3341 2047
2277 2915
2648 2520
2662 2531
2503 2722
2634 2615
2959 2351
2557 2705
2475 2812
1772 4262
2224 3134
2527 2755
2632 2680
2639 2698
2523 2834
2182 3365
2900 2481
2967 2490
2833 2632
2326 3254
2447 3111
4113 2055
3342 2384
2101 3898
2391 3283
3093 2578
4004 2169
2209 3814
3978 2237
2951 2720
2278 3786
3106 2655
2786 2878
3605 2433
3934 2326
2753 2974
3414 2560
4681 2092
2830 2932
3686 2470
2777 3025
2432 3698
3103 2785
2707 3148
2446 3731
4497 2278
2989 2921
4730 2189
2559 3609
3321 2730
2925 3046
4329 2409
3233 2838
2529 3782
2368 4183
3346 2757
2703 3398
2582 3755
2903 3193
2573 3837
3140 2983
3592 2731
4038 2592
3736 2711
2545 4000
2953 3223
2439 4328
2630 3869
2606 3910
4039 2643
3615 2832
2869 3429
4096 2650
3490 2891
2343 4722
3181 3139
3424 2959
3847 2762
3338 3022
3252 3117
3269 3108
3032 3314
3850 2779
3772 2827
3373 3031
4662 2522
3812 2841
3307 3198
3071 3449
4079 2777
3046 3524
3115 3442
3942 2860
3263 3309
3466 3174
3813 2969
3300 3322
3236 3417
4015 2888
3911 2948
4470 2749
3281 3400
2875 3939
2945 3884
3033 3737
4092 2901
3400 3318
4443 2802
3149 3638
2763 4277
3697 3157
3433 3337
3765 3140
2907 4066
3955 3029
3283 3580
2823 4256
2775 4387
3048 3921
3783 3188
3211 3729
3578 3369
3017 4072
3599 3378
3734 3273
2938 4254
3854 3236
3266 3832
3110 4108
3393 3716
4861 2736
3770 3426
4910 2670
3492 3678
4545 3020
4818 2859
3555 3696
4590 3032
4481 3112
4897 2744
3218 4204
3815 3586
4664 3042
3011 4570
4220 3336
3331 4167
4008 3514
3461 4022
3899 3624
4542 3220
4318 3348
3679 3893
4679 3161
3035 4703
3831 3785
4068 3627
4315 3482
4411 3415
3996 3735
4665 3292
3282 4617
4439 3571
4791 3240
4198 3753
3790 4113
3936 3958
3554 4365
4358 3675
3947 3976
4330 3794
4540 3635
4510 3653
4436 3738
3905 4194
4868 3298
4183 4128
4682 3727
3741 4582
4371 4027
4223 4162
4780 3661
4848 3541
3999 4431
4185 4297
4568 4129
4146 4520
4147 4541
4469 4292
4631 4231
4046 4719
4632 4298
4812 4049
4156 4715
4610 4401
4857 4033
4752 4483
4003 4838
1864965524 1940569173
1
sift 88
1377 961
0 3
1003 1666
289 165
767 213
1711 1682
336 228
1467 3869
450 338
953 376
1660 1873
461 571
2548 4937
471 587
1032 509
2545 1619
557 877
1143 955
713 806
2558 1712
947 878
2109 1027
1285 899
3726 1364
1214 1046
1052 1838
1903 770
2120 2462
1701 1090
1453 1675
2306 1643
2991 1831
1594 1894
1861 2139
1717 2117
4339 1596
3004 1409
2171 2588
3985 2731
3561 2134
2555 2256
3457 2105
3482 3136
3308 2861
4814 1734
3378 2387
2823 4066
3425 2906
3249 2799
4098 2648
4207 3267
4789 2627
2559 5792
4481 2756
6399 2593
4986 3033
2846 5039
2597 6079
3684 4075
4343 3751
2949 5312
3128 5520
4954 3463
3832 4633
4981 3432
5021 3844
4149 4181
5528 3693
3889 5163
3809 5321
3606 6165
4840 4347
5906 3607
3867 5274
3988 6644
6210 4277
4322 5420
5724 4360
4576 5593
5606 4691
4519 5931
6614 4113
6059 5821
4940 5349
4041 7086
6626 4189
5785 6374
5744 7263
1864965524 1964734127
1
sift 79
1711 1241
450 253
1404 2452
490 334
336 366
2182 1092
471 516
2548 3756
701 369
595 410
2558 1248
947 590
2596 4510
1097 606
1443 531
2632 1288
666 906
3053 5549
2109 892
1285 658
3561 1412
1214 780
3135 7130
1647 1066
1108 1214
2120 2276
1463 1030
1861 1586
2371 856
3242 1771
1701 1064
2210 1701
1974 1065
3809 2262
1453 1370
2555 1555
2752 974
4013 2326
2074 1234
4343 2220
1736 1598
4986 2107
2306 1436
4814 2459
2747 1515
4481 2992
3127 1632
4981 2804
4230 1539
5528 2889
4008 1857
5606 2946
2841 2348
5021 3134
3684 2152
5488 3100
2341 3223
5417 3257
3285 2426
4745 3498
3087 2561
6282 3106
3482 2380
6210 3157
4204 2186
4683 2269
3944 4856
5231 2336
3890 3011
6638 5360
2846 4396
5465 2998
6021 3050
4954 3472
5373 3370
4576 3869
5205 3934
6059 4024
6629 4201
1864965524 1970611117
1
sift 123
685 336
289 122
557 460
264 142
767 133
825 310
279 146
1003 1081
450 159
541 304
1065 612
490 182
1547 2032
421 256
795 521
1106 651
461 259
2374 2314
503 262
1443 527
1729 753
701 223
2559 2194
724 563
1108 742
2326 723
925 466
2513 2387
1096 559
2599 477
2105 979
1087 671
2515 2484
1143 691
1850 588
3242 1402
1394 638
2905 2347
788 1012
1179 791
2987 1598
1465 686
3857 1918
1153 804
1354 739
3687 1796
1285 845
3128 2612
1273 882
1463 801
3212 2217
1593 763
3135 4384
2109 711
1453 817
4013 1926
844 1414
814 2280
1656 831
4343 1867
2098 847
1861 1160
1780 970
4481 1839
1736 1040
2210 1054
1318 1450
3809 2173
2051 1103
1594 1458
1202 1625
4789 2192
2037 1209
2139 1219
3482 1221
4940 2260
1671 1432
2555 1199
2130 1808
5606 2571
2872 1146
2466 1287
2416 1675
3877 1006
2955 1345
3633 1333
2568 1498
3097 1362
5465 1150
2767 1509
3802 1305
4149 1294
2841 1649
4814 1617
2801 1664
4357 1375
3457 1997
2846 1751
4491 1392
4981 1690
3798 1850
2957 2213
5371 2254
2449 2621
3127 2268
6256 2251
4576 1817
2443 3123
5488 2468
4221 2185
3889 2371
5031 2613
3717 2873
6479 2292
5928 2457
3740 3683
5098 2738
5540 2711
3938 3517
5298 3915
4710 4365
6629 3595
6059 3986
1869247726 1940569173
1
sift 71
645 925
19 15
0 0
43 35
1 1
77 74
25 39
91 101
37 48
114 108
53 49
123 144
74 46
133 165
50 71
113 170
83 63
159 159
104 154
149 187
151 136
156 199
162 140
124 338
190 148
377 388
188 175
263 396
154 269
373 540
184 213
441 246
291 207
392 571
176 403
295 587
307 275
413 746
254 366
618 455
365 420
489 637
387 490
598 508
470 412
500 643
459 667
501 699
677 889
651 555
646 513
425 911
628 1028
659 681
523 703
698 632
603 1102
800 742
733 891
852 834
769 1190
895 960
858 1511
762 7268
814 2487
918 2042
1224 2155
913 2749
1062 4532
1340 4314
2639 7368
1869247726 1964734127
1
sift 53
319 466
28 30
52 28
77 58
66 74
114 82
113 136
123 99
174 256
133 100
291 167
111 125
307 210
159 104
185 262
156 120
441 181
149 146
359 257
124 253
265 313
233 279
216 513
373 438
377 324
448 406
459 410
392 503
580 439
489 486
425 932
413 662
417 1257
444 615
677 661
651 461
733 655
698 520
739 927
631 605
649 1214
780 630
767 1139
735 695
745 1890
852 775
823 1673
887 1337
1017 6328
2635 4221
1100 4811
2026 5592
1729 6751
1869247726 1970611117
1
sift 199
6 4
19 6
7 1
148 102
28 13
17 5
77 55
13 9
1332 5849
114 63
21 10
125 71
27 18
123 91
29 14
156 98
35 15
149 103
38 16
159 105
34 24
133 122
37 33
124 159
46 25
182 158
41 28
219 151
53 31
220 162
52 42
229 161
64 41
232 196
60 47
265 216
55 57
263 182
70 45
337 227
76 51
359 217
84 48
376 253
86 53
373 256
80 59
378 267
87 60
392 259
89 62
413 262
82 73
382 333
74 94
400 328
104 67
444 312
95 84
489 314
103 75
433 338
134 74
408 404
113 90
501 348
126 89
471 373
162 79
425 563
131 92
618 311
127 108
631 559
161 104
553 611
199 93
694 575
146 125
620 552
153 134
852 454
170 126
780 623
176 118
860 638
193 112
716 1188
166 132
190 119
167 141
184 133
188 130
178 150
241 117
239 121
216 145
174 189
268 139
269 143
254 149
234 157
223 171
208 191
246 165
248 164
237 172
225 201
278 167
249 209
274 205
291 206
284 214
267 237
251 257
317 211
315 212
371 193
255 268
313 230
365 213
297 258
307 255
360 228
282 300
383 232
375 239
379 243
339 281
309 305
351 288
453 241
473 240
387 289
399 290
432 296
412 319
363 401
470 304
430 321
416 360
441 330
428 346
493 318
507 337
463 380
484 379
556 345
410 547
477 455
459 490
580 392
403 637
587 418
495 561
729 371
615 462
616 463
612 504
599 516
468 766
683 476
704 512
677 597
687 583
647 641
675 604
636 684
733 574
751 614
766 601
846 528
728 669
819 628
655 949
584 1210
894 599
830 683
701 965
792 1123
871 1130
882 1098
748 1616
961 1060
915 1229
926 1349
940 1352
1062 1231
960 1516
994 1401
1059 1551
1043 1631
1221 1745
1190 1868
1150 2578
1910 1612
1158 3361
1729 2479
1764 2962
1920022255 2114019812
1
sift 56
288 543
16 17
114 61
510 1211
81 175
135 298
1074 1065
134 309
2356 83
987 1397
297 427
511 537
4742 2033
371 940
432 796
506 713
394 990
524 895
573 1081
1190 698
671 1096
629 1177
856 1260
959 1178
887 1335
1024 1374
793 1686
1031 1524
1106 1441
2184 1089
1249 1666
1550 1566
1144 2460
1567 1988
1542 2043
1786 1819
1143 2661
1560 2164
953 3519
1343 2596
1626 2395
1848 2292
1822 2505
2220 2690
2089 2920
1236 4898
1928 3293
2399 2852
3017 2599
2531 3185
2367 3486
2802 3636
4324 3026
3400 3841
3381 3980
3390 4104
1940569173 1964734127
1
sift 1443
925 833
61 46
2 1
1183 1062
66 50
14 12
1724 1299
74 58
26 14
1199 1051
76 57
33 19
1889 1568
87 73
31 22
1662 1432
108 82
30 25
1948 1648
118 86
38 21
1559 1752
144 99
37 27
2094 1617
165 100
43 28
2209 1651
159 104
46 47
2236 1820
145 116
50 42
2196 2752
172 114
52 45
2662 2363
157 132
62 41
2817 2328
178 148
54 48
3345 2147
170 136
59 56
3027 2178
187 146
63 53
2913 2514
246 181
92 60
2785 2633
243 199
96 67
3069 2405
220 228
70 83
3347 3094
266 207
77 77
4593 2824
292 213
102 76
4937 3756
338 253
106 71
5390 3745
337 271
86 95
5010 3786
325 281
127 85
5853 3578
335 285
126 88
3728 5650
396 334
133 89
6656 3459
351 336
140 97
7071 3413
459 363
147 91
4680 5027
388 324
148 90
5502 4639
492 406
122 134
448 335
201 92
538 385
137 139
387 396
192 109
552 374
143 151
498 418
176 128
739 319
180 123
523 423
185 124
656 369
174 144
649 380
186 133
540 438
209 118
508 481
212 126
555 461
197 143
554 466
204 142
546 495
213 140
626 426
221 138
609 477
202 162
571 503
216 161
637 486
207 167
587 516
215 166
632 520
223 164
694 509
194 188
646 528
196 191
612 557
240 165
711 514
211 186
719 524
248 171
699 567
247 173
560 701
214 195
675 594
249 177
704 573
254 182
730 568
252 187
695 615
203 219
732 603
264 180
742 617
217 211
746 662
236 196
753 635
278 178
763 660
269 190
866 600
265 192
924 645
234 214
875 687
222 225
916 703
326 168
834 775
275 210
970 731
288 202
823 785
324 193
1092 675
360 184
999 765
284 218
1034 739
307 203
944 834
239 284
948 830
323 206
883 899
345 205
966 865
295 246
858 929
321 233
941 895
342 224
1033 832
303 258
911 932
301 260
1070 844
329 235
1128 827
397 208
1079 841
322 240
1027 892
363 222
1103 866
350 238
1093 915
372 226
1111 916
346 251
1174 926
357 239
1004 1061
349 254
1250 868
367 242
1230 897
311 291
989 1097
373 243
1126 995
365 259
1184 962
378 256
1394 855
348 290
1233 938
401 252
1329 903
383 261
1170 1056
384 264
1764 809
412 247
1207 1084
432 236
1223 1080
316 317
1198 1117
389 272
1308 1017
366 296
1256 1114
400 278
1325 1039
334 321
1489 986
390 307
1283 1103
369 318
1484 1055
310 387
1242 1214
520 255
1601 1119
317 391
1364 1152
409 320
1611 1126
403 325
1388 1203
374 348
1616 1134
443 322
1553 1090
472 310
1362 1327
518 300
1303 1329
375 389
1580 1202
516 306
1176 1559
526 303
1719 1148
460 337
1293 1478
431 381
1681 1242
514 329
1460 1357
491 341
1711 1249
653 293
1942 1133
446 379
1741 1262
660 301
1738 1265
444 393
1826 1255
480 373
1628 1369
484 371
1470 1511
501 382
1675 1370
453 404
1552 1479
461 411
1763 1343
531 384
1695 1419
594 360
1599 1484
586 367
1787 1405
601 362
2269 1212
635 353
1534 1669
454 469
1769 1443
465 468
1654 1562
483 458
1608 1612
439 508
1883 1416
509 439
1894 1406
574 397
2173 1301
534 427
1663 1603
478 490
1532 1792
413 582
1797 1491
535 452
1932 1455
591 419
1798 1534
467 519
2009 1434
613 407
1997 1442
608 415
2134 1412
511 511
1949 1525
588 449
1909 1622
667 410
2301 1418
553 484
2936 1238
669 416
1939 1661
496 539
2232 1509
618 459
1847 1811
629 450
1928 1728
489 561
2296 1501
596 489
2044 1643
886 361
2140 1584
611 488
2648 1374
544 542
2139 1586
747 422
2267 1533
631 499
2256 1555
722 437
2115 1645
664 500
2861 1363
707 470
2184 1718
654 504
2239 1705
870 420
2223 1754
683 515
2157 1803
572 585
2297 1717
633 548
2272 1817
708 512
2439 1700
529 657
2383 1743
855 433
2423 1719
751 493
1995 1990
710 521
2596 1734
652 556
2292 1897
849 454
2677 1706
917 435
2068 2088
670 555
2627 1806
811 483
2799 1722
721 526
2727 1845
737 527
2424 1960
622 633
2767 1829
725 550
2506 1975
765 537
2689 1909
557 727
2645 1937
762 541
2326 2187
651 631
2707 1955
604 699
2605 2025
761 559
2641 2008
748 571
1976 2521
821 554
2539 2091
796 574
2082 2459
783 584
2565 2085
767 620
2471 2155
859 578
2495 2168
942 544
2463 2196
720 691
2705 2061
843 599
2683 2080
860 595
2588 2173
790 650
2729 2096
878 590
2462 2276
752 679
2924 1986
822 643
2643 2228
876 614
2939 2019
766 694
3137 1950
773 692
2777 2224
814 670
2429 2426
787 696
3043 2056
813 686
3327 1912
934 621
2684 2326
736 767
2904 2158
915 652
2708 2337
891 655
3032 2108
953 622
3302 2022
899 658
3425 1978
889 661
3625 2057
756 757
2960 2387
829 706
3534 2114
940 649
3022 2432
716 818
2890 2577
943 653
2878 2703
1115 575
2728 2861
910 677
3248 2388
908 683
3521 2289
922 676
2633 2961
920 693
2871 2759
864 724
3085 2519
779 787
3148 2507
835 743
3751 2220
967 671
3296 2404
794 784
4328 2060
901 710
3093 2636
774 806
2756 2992
806 783
2884 2856
818 793
2969 2745
844 766
4360 2110
817 797
3313 2531
874 755
2769 3152
947 708
2957 2846
963 718
3071 3003
1014 702
3117 2765
1100 667
3953 2462
778 860
2911 3137
1166 648
2897 3184
975 741
3109 3020
1030 721
2962 3146
985 759
3392 2816
931 804
3432 2804
1009 746
3092 3067
1049 733
3556 2769
1114 720
3672 2737
1145 709
3940 2710
1072 745
3346 3069
1054 758
3131 3221
1046 780
3813 2800
1062 776
3314 3106
777 987
3820 2822
1075 778
4443 2513
1343 672
3692 2888
976 861
3839 2826
1057 824
3086 3294
1360 680
4162 2663
1232 730
3758 2887
1419 665
4053 2779
1211 753
4408 2622
977 922
3644 3025
1011 900
3846 2931
1113 845
3398 3235
1246 760
4130 2832
929 973
3760 3064
1121 849
4730 2592
1051 902
4006 2989
1384 735
3949 3053
1162 846
3844 3134
1125 883
5642 2407
1371 771
3786 3177
1129 904
4009 3063
1288 799
3483 3391
1208 839
4179 3043
1064 942
3748 3260
1085 933
4196 3076
1082 943
4656 2853
1032 968
4160 3116
1475 742
4616 2935
1003 1007
4153 3183
1185 920
4277 3157
1050 1013
3944 3284
1069 1006
4691 2946
871 1223
3678 3483
1091 1023
4041 3288
1340 863
3537 3632
1182 971
3859 3448
1277 912
3847 3381
1090 1064
4731 3004
957 1207
5199 2798
1366 888
4483 3154
1179 1002
4633 3086
1609 803
4392 3192
1152 1054
4330 3214
1237 975
4100 3363
1197 1022
4030 3543
1067 1160
5203 3035
1391 921
3528 4177
1520 857
3842 3874
1706 812
3938 3795
1089 1147
4651 3275
1270 966
4440 3432
1519 869
4057 3823
1276 988
3937 3958
1305 985
4774 3300
1281 997
4283 3682
1446 923
6269 2878
1318 994
4468 3526
1258 1028
3701 4320
1452 937
3865 4108
1517 910
4388 3665
1302 1027
4501 3545
1229 1104
5207 3198
1168 1181
5131 3246
1190 1163
5077 3271
1309 1071
4679 3527
1349 1048
4120 4064
1331 1075
4948 3409
1336 1082
4759 3568
1617 946
4674 3663
1357 1081
4723 3650
1401 1050
4758 3690
1543 980
5226 3404
1273 1144
4587 3870
1264 1164
4970 3660
1451 1036
5055 3552
1247 1189
5082 3617
1483 1035
4049 4506
1549 1001
4312 4444
1440 1067
4230 4438
1555 1004
4311 4490
1073 1424
6491 3222
1509 1032
5235 3747
1439 1088
4624 4225
1337 1173
6254 3371
1326 1180
4293 4572
1456 1091
6822 3239
1585 1018
4628 4280
1535 1044
5344 3841
1169 1339
5884 3644
1650 996
5115 4076
1299 1217
3776 5423
1469 1121
6602 3442
1749 974
5565 3899
1300 1243
5876 3738
1686 1011
6481 3498
1526 1099
5619 3920
1415 1168
6091 3687
1684 1020
4588 4642
1627 1058
5164 4168
1604 1073
4769 4508
1408 1199
6591 3567
1491 1154
5159 4362
1516 1139
5039 4396
1294 1309
3965 5591
1342 1290
5038 4489
1575 1128
5294 4313
1729 1043
5223 4375
2735 820
5580 4301
1814 1024
4755 4747
1524 1195
6533 3935
1341 1331
5054 4576
1450 1250
5681 4367
2172 950
5527 4370
1661 1122
3617 7060
1508 1222
6970 3900
1279 1403
6571 4066
1693 1141
5927 4330
1685 1162
6290 4214
1641 1184
5410 4636
1676 1170
4770 5105
2198 976
5472 4640
1441 1321
5700 4720
1493 1298
6509 4203
1623 1220
6873 4337
1849 1111
5495 4778
1338 1449
6225 4629
1727 1172
4938 5203
1742 1175
5360 5129
1544 1291
6418 4501
1403 1390
4941 5614
1311 1488
4756 5749
1771 1166
6599 4590
1796 1169
5369 5176
1903 1125
5955 4854
2021 1089
7095 4410
1472 1396
7566 4283
1588 1319
6942 4484
1411 1477
5062 5691
1416 1487
7614 4242
1570 1359
4718 6337
1597 1341
6496 4828
1897 1185
5839 5168
1310 1626
7585 4459
1748 1263
6294 5004
1794 1237
5561 5524
2014 1151
5220 5951
1592 1388
6878 4850
2213 1112
5365 5920
1961 1198
5650 5594
1492 1519
6137 5317
1480 1537
7582 4654
1970 1208
6665 5092
1550 1466
6411 5312
1607 1437
7758 4831
1888 1272
7085 5167
1828 1300
7198 5375
1562 1486
7115 5311
1731 1355
6497 5840
1643 1436
6378 5827
1861 1332
7199 5400
1848 1347
7278 5402
1880 1336
6305 6104
1844 1375
6730 5809
1886 1350
6565 5970
2470 1167
5697 7189
1882 1371
7687 5445
2251 1235
7763 5299
2130 1278
6967 6131
1817 1445
7354 5837
2183 1287
7667 5564
1586 1685
7658 5606
1925 1410
6776 6373
1511 1827
7427 6280
2661 1177
7840 5475
2018 1378
7252 6479
1813 1523
7042 6898
1598 1750
7423 6367
2255 1313
6771 7198
1782 1576
7151 6952
2029 1414
7749 6176
1596 1801
7738 7371
2488 1269
2202 1361
7339 7712
1775 1613
2136 1392
2109 1404
1766 1649
1964 1490
1802 1634
2306 1367
1974 1538
2047 1515
2106 1483
1753 1762
2566 1317
1950 1583
2214 1460
1420 2200
1688 1871
2039 1569
1671 1911
2443 1384
2583 1342
2718 1326
2135 1552
2020 1616
2138 1565
1853 1816
2593 1395
2150 1590
2030 1664
1772 1895
2440 1473
2131 1630
2485 1461
2116 1652
2167 1632
2332 1547
2231 1600
2186 1636
2466 1497
2316 1571
2307 1579
1816 1932
1933 1840
2171 1683
1931 1855
2062 1796
2411 1574
2248 1675
2091 1787
2229 1698
2574 1539
2178 1788
2582 1570
2385 1682
2392 1681
2322 1740
2276 1781
2433 1676
2345 1747
2271 1804
2428 1699
2602 1610
2331 1783
2164 1888
2218 1859
2417 1746
2042 1954
2002 1981
2249 1865
2168 1910
2826 1560
1917 2101
2061 1977
2221 1902
2647 1672
3115 1454
2333 1904
2283 1934
2581 1815
2512 1844
2571 1847
2409 1924
2503 1891
2773 1764
2895 1684
2278 2042
1866 2428
2515 1918
2422 1979
2719 1856
2156 2195
1786 2620
2397 2017
2413 2010
3072 1667
2123 2234
3471 1543
3187 1635
2771 1881
2532 1982
2814 1872
2678 1945
2863 1860
2827 1890
1910 2563
2872 1875
2193 2301
2745 1944
2421 2131
2379 2172
3481 1614
2522 2078
2997 1837
2806 1958
3513 1655
1807 2875
3445 1694
2759 2027
2336 2333
2854 1996
3023 1908
2713 2120
2330 2379
2100 2615
2159 2559
2557 2249
2831 2083
2877 2073
2630 2269
1919 3013
2442 2408
2691 2252
3510 1851
2601 2376
1966 3042
2474 2503
3561 1893
2575 2474
2812 2372
3058 2194
2432 2718
2810 2415
4452 1794
2945 2375
1973 3388
2111 3212
3793 1992
2389 2944
2779 2565
2616 2754
3850 2003
3547 2123
4008 1971
3218 2272
2675 2738
3233 2270
2703 2723
3731 2087
3283 2268
3581 2153
3879 2040
3301 2271
3136 2380
3144 2373
3378 2260
2724 2767
3565 2186
2910 2603
2881 2648
3265 2343
2651 2934
2765 2831
3118 2484
3226 2419
3028 2581
4331 2014
3326 2392
3428 2356
3605 2290
3124 2568
3281 2461
3202 2523
2591 3123
2782 2933
2362 3351
4075 2152
3246 2506
3705 2295
4076 2165
4097 2166
2720 3048
3910 2233
2679 3132
2858 2941
3376 2505
3451 2479
4351 2154
3179 2684
3397 2551
4183 2222
3689 2401
3942 2313
3713 2411
5119 1963
2660 3240
3871 2369
3722 2436
3450 2586
3544 2529
3952 2349
4027 2336
4412 2213
3538 2573
3208 2797
3064 2950
3381 2726
3755 2522
3542 2656
3830 2547
4299 2347
3665 2653
3260 2942
3192 3015
2976 3185
3430 2847
3909 2584
3725 2689
3727 2690
3517 2810
3331 2920
5341 2138
3262 3050
3955 2659
3800 2732
4256 2517
4781 2350
3968 2724
4220 2617
3566 2948
3784 2840
3146 3249
3280 3173
4447 2545
3616 3000
3373 3158
3612 3016
4332 2639
4024 2795
4387 2637
4154 2750
6150 2177
3843 2927
3789 2959
3384 3231
3851 2996
4254 2785
4022 2911
4210 2836
3222 3414
3100 3573
4117 2905
4871 2561
4067 2997
4373 2844
4341 2862
6651 2238
3171 3723
4403 2876
3427 3433
3324 3559
3889 3180
3463 3472
4218 3054
3740 3342
3890 3261
5751 2535
4339 3071
4676 2891
4467 3023
3207 3979
4253 3142
4014 3256
3816 3373
4314 3120
4636 2957
4584 2986
3703 3475
5560 2670
4724 2949
4910 2880
5200 2806
5196 2825
4661 3041
4401 3169
3340 4017
3567 3768
3239 4196
3888 3479
4377 3204
4231 3283
4195 3305
4577 3145
3670 3767
3819 3654
3126 4477
4348 3282
3918 3618
5665 2833
4994 3036
4404 3290
5940 2756
3686 3922
5162 3011
4594 3230
5413 2930
5416 2929
3232 4511
5660 2873
4123 3602
4977 3150
4176 3600
3925 3848
5337 3052
4567 3356
3598 4243
4362 3501
5909 2924
4197 3728
5023 3220
5928 2970
3681 4311
7234 2722
4740 3397
3234 4892
5597 3131
4804 3400
3438 4681
4664 3486
5785 3096
4944 3361
4249 3909
6831 2882
5291 3245
3916 4284
5029 3389
6849 2902
5668 3182
6333 3032
5835 3161
4236 4072
5643 3228
5178 3392
4207 4154
5408 3335
5149 3450
4450 3988
7217 2945
4861 3696
6501 3125
4465 4041
7434 2925
4607 3950
4015 4539
4163 4399
4181 4407
5289 3518
4563 4052
5790 3345
5739 3368
5450 3480
4873 3832
5457 3495
4021 4647
4658 4031
4376 4305
6872 3159
5473 3595
5135 3825
4987 3938
4498 4357
5197 3923
5255 3877
6773 3314
5288 3879
4956 4119
5330 3933
5809 3719
5331 3961
4766 4351
5593 3869
4580 4581
5015 4240
6579 3499
4805 4451
7186 3357
5844 3849
6442 3630
5384 4135
5915 3859
5687 3987
4883 4504
4868 4541
6272 3771
5821 4024
7098 3525
6623 3733
6618 3765
5673 4188
6246 3914
6891 3688
6498 3837
5215 4499
6251 3985
3880 6088
5963 4127
6023 4097
6190 4028
5772 4269
6445 3969
5471 4440
6631 3925
5789 4325
7011 3812
5308 4587
5678 4411
6242 4146
6417 4065
6472 4051
5541 4592
7468 3746
6821 4012
6553 4144
5753 4513
7803 3509
5409 4730
5729 4603
6351 4318
7014 4069
5298 4840
5675 4711
7477 3970
7258 4094
5040 5160
5340 4927
5615 4801
4909 5347
6334 4516
6538 4456
6950 4328
5174 5182
7593 4057
6096 4729
6050 4780
5717 4983
4391 6737
6233 4769
5003 5694
6301 4813
6320 4835
5044 5871
6167 4961
5350 5574
7329 4535
6975 4676
5777 5225
5653 5407
6312 5028
5826 5377
7131 4741
7389 4662
7490 4646
5941 5416
6510 5083
6393 5154
6489 5150
7010 4917
6919 4984
6588 5220
7430 4855
6366 5431
7296 4987
7318 4969
6304 5559
7177 5086
6149 5830
6173 5906
6659 5598
7106 5386
6207 6013
6439 5880
6170 6264
6779 5868
7342 5507
7187 5632
6204 6575
7121 5908
6564 6350
6196 6694
7438 5673
7719 5437
6076 6924
7150 6027
7036 6239
7416 5996
6868 6576
7439 6111
6894 6681
6400 7203
7641 6036
6722 6977
6978 6878
6755 7318
7142 7094
7061 7185
7386 6868
7497 6833
7510 7077
7869 7161
1940569173 1970611117
1
sift 512
13 4
15 6
63 44
877 460
110 63
202 70
1666 1081
117 81
164 113
1443 619
144 91
170 90
2252 1113
159 105
180 121
1533 940
187 103
175 130
2262 1128
198 97
265 108
1655 908
165 122
213 133
2504 1192
266 146
284 114
1698 912
325 142
212 148
2254 1279
338 159
269 136
1662 1083
335 161
403 118
2236 1353
283 208
207 206
1944 1080
340 190
239 181
3078 1420
292 210
366 149
2381 1050
396 182
311 163
2913 2037
552 195
346 188
2817 1394
523 235
285 226
4680 1729
388 252
275 255
3585 1644
656 223
378 189
4593 1914
540 256
373 204
3593 1799
493 280
444 186
3426 2503
571 259
358 230
4173 1707
498 292
350 241
3869 2337
455 311
420 213
4300 2078
492 336
443 240
4937 2338
746 262
480 236
4301 2203
554 332
397 291
4969 2368
675 301
860 222
4993 2249
637 314
377 409
5502 2273
542 377
478 325
4511 2425
576 367
736 257
4882 3898
695 312
518 324
4825 2347
609 359
608 300
7128 3731
532 407
790 276
5364 2256
699 348
776 286
763 334
635 343
5328 2492
944 338
655 362
694 397
683 350
5520 2612
649 458
582 405
645 473
708 345
970 404
722 331
834 454
836 317
948 416
611 449
754 515
613 462
1033 419
574 504
704 695
813 379
911 563
641 479
966 575
667 490
916 649
940 376
1111 609
796 430
1170 591
784 435
955 691
652 526
1484 511
764 456
949 721
737 486
1128 651
760 491
1070 672
947 417
1027 711
751 554
1256 612
844 541
1233 638
891 574
1521 560
864 599
989 896
909 581
1103 844
889 597
1362 753
1344 443
1527 704
1305 471
1489 744
1081 571
1155 943
1080 616
1198 941
1064 630
1303 815
953 701
1205 990
1251 566
1460 791
1421 509
1339 909
1117 646
1283 1011
976 712
1223 1094
1278 593
1611 836
1331 602
1695 839
1125 705
1797 854
899 845
1486 1030
1401 588
1534 1005
1030 757
1392 1135
1082 807
2037 804
1211 749
1571 1016
1057 894
1184 1331
2675 476
1744 942
977 994
1490 1085
1208 795
1719 964
1272 768
1909 885
1190 847
1539 1169
1288 811
1701 1070
1671 702
2327 837
1312 829
2292 882
1237 904
1717 1184
1492 774
1815 1178
1428 819
1932 1159
1727 754
1746 1287
1446 886
2139 1160
1607 822
1841 1273
1192 1132
1823 1312
1714 792
1995 1268
1491 928
2256 1199
1509 917
3460 915
1415 1003
2489 1164
1440 1044
2095 1297
1450 1072
2016 1355
1570 1176
1998 1378
1535 1189
2078 1362
1702 1111
1894 1458
2368 889
2727 1198
2470 862
1770 1559
1623 1207
2009 1443
2587 846
2439 1305
1617 1227
2882 1188
1661 1245
1857 1601
1676 1237
1942 1557
3222 782
2567 1289
3531 767
2157 1528
1499 1439
2553 1403
1605 1361
2297 1529
2306 1067
2034 1712
3364 833
2296 1638
2271 1157
3944 1183
2213 1179
2644 1588
2737 1034
2904 1417
2018 1247
2821 1549
3430 948
2897 1572
2671 1140
2681 1660
1786 1486
2165 2005
2283 1453
2747 1743
3136 1221
3622 1407
1861 1752
3010 1621
2873 1357
4049 1340
3657 1242
2920 1670
2574 1602
2689 1876
2171 1797
2756 1839
2923 1493
2520 1996
2547 1654
2684 1926
3053 1446
2701 1916
3045 1469
3302 1661
2630 1646
2267 2294
4532 1231
2939 1844
2406 1827
3432 1690
4181 1294
3206 1762
2881 1673
4283 1552
4422 1296
2627 2192
2945 1657
4153 1630
4412 1367
3392 1835
2167 2268
5055 1466
2503 2000
2959 2058
2812 1836
4648 1558
2385 2101
2502 2424
2691 1929
2383 2583
3246 1693
3751 1778
4299 1463
2886 2185
4210 1517
2539 2457
3404 1714
3599 1822
2485 2216
2972 2135
2910 2122
3159 2162
4188 1663
2871 2409
5215 1499
4057 1834
5093 1613
3327 2106
3233 2138
3654 1975
4013 1855
3358 2102
3678 1966
3607 2020
6919 1448
3788 1984
3544 2043
3346 2217
5330 1629
3644 2098
3226 2297
3886 2011
5384 1685
4483 1846
3843 2064
3074 2420
6053 1658
3839 2117
4799 1828
3071 2530
3665 2281
4630 1901
5565 1741
3842 2198
4361 2168
3082 2605
4207 2250
2957 2702
4156 2292
3284 2521
3713 2502
4656 1972
3952 2392
4029 2254
4615 2166
3861 2328
4253 2410
3608 2442
6716 1859
4189 2219
4959 2180
3416 2606
6472 1910
4700 2073
6862 1934
4269 2238
7416 1963
4330 2421
5162 2372
3568 2757
5885 2226
3786 2674
4214 2784
4360 2482
4584 2660
5321 2173
4231 2894
4420 2518
5495 2441
4424 2568
4455 2842
4891 2430
4440 2817
4691 2571
5189 2625
4315 2726
4403 2898
3930 2879
4314 3005
7428 2041
7131 2378
5357 2413
7177 2477
5642 2385
7112 2501
3965 3003
4149 3535
3570 3276
5478 2798
4651 2729
5787 2904
4758 2705
6496 2770
5884 2472
4610 3413
5207 2647
5777 2951
5062 2700
7258 2804
4466 2926
5164 3249
4706 3129
5668 3185
4100 3589
5682 3106
5351 3054
5000 3488
4587 3504
7754 2684
4546 3688
7438 2836
6944 2961
4328 3882
5191 3461
6309 3097
7250 2910
5527 3335
5871 3314
6393 3302
7360 3029
5650 3458
6160 3384
5432 3644
5159 3808
6357 3339
5090 3862
5452 3692
6976 3296
5633 3739
6967 3298
7234 3245
6665 3493
6207 3624
6481 3607
6564 3557
6305 3729
5675 3889
6502 3742
6798 3540
7658 3509
5173 4210
6679 3913
5821 3986
6663 3966
6246 3873
6378 4006
6090 3944
7758 3865
7188 3637
7435 4264
5473 4284
6835 4563
4252 5788
6491 5589
6555 3954
7205 5300
6196 4057
7564 5120
6631 4111
7593 4236
7624 4321
6400 5112
7719 4707
1951198567 2032776530
1
sift 95
51 63
1 0
89 100
2 2
111 148
23 43
119 135
64 122
189 283
57 143
279 363
117 224
468 706
131 181
540 904
141 274
623 1137
198 300
785 1675
168 442
1339 1107
230 602
877 2150
217 740
1072 2402
289 471
933 3573
284 585
1436 2037
367 698
1350 2404
336 1449
1133 3452
517 807
1405 2567
500 2329
1224 3341
487 2785
1182 3826
753 1352
1437 2828
1027 1786
1714 2531
979 2002
2258 1971
1289 1408
2247 2036
950 2479
1586 3363
1100 2227
1904 2911
1385 1694
1335 5535
1404 1918
1939 3216
1128 2634
1739 3821
1219 2440
1930 3843
1045 3789
2678 4879
1409 2439
2882 4536
1188 3080
3016 4527
1252 3023
3513 4268
1245 3168
3429 4669
1183 3924
3053 6639
1547 2641
3595 5283
1666 2866
3765 5011
1981 2397
3565 6089
1371 4750
5163 4903
2216 2462
5703 6646
1748 4210
1715 4696
2017 3981
2260 3842
1927 5830
2656 4717
2489 6691
2928 5238
2743 6150
2944 5598
3312 5358
6634 3676
4322 5627
4114 6551
1964734127 1970611117
1
sift 499
11 4
82 63
53 44
524 335
86 80
47 94
801 427
99 91
75 86
1062 983
121 97
97 79
1197 908
146 103
162 70
1432 1083
160 122
136 90
2000 1050
149 158
123 121
1763 940
207 146
128 131
2377 1279
281 142
140 133
1578 1182
253 159
126 148
2328 1394
285 161
190 136
2178 1645
279 197
206 134
2439 1709
334 182
325 118
2660 1427
257 217
213 210
2638 1918
374 195
291 163
2901 1451
369 223
250 187
4309 1707
319 265
256 189
3343 2078
423 235
284 181
3417 2083
438 256
255 203
3403 2194
417 293
210 255
3352 2245
503 259
181 330
3807 2256
444 310
324 252
3756 2338
406 336
300 324
4639 2273
486 314
301 337
4392 2531
662 262
327 328
4074 3074
615 312
595 222
5775 2761
567 348
353 343
3857 3898
660 334
415 300
5879 3552
834 338
437 331
7001 3078
731 404
512 345
5283 3878
605 559
504 363
5931 3731
832 419
407 462
6436 3650
775 454
441 451
6235 4199
629 624
397 504
7358 3900
573 695
509 397
7130 4384
703 649
488 449
6040 5704
865 575
527 486
931 564
574 430
1055 511
493 554
774 723
531 527
916 609
655 574
843 671
763 491
917 636
661 597
938 638
682 581
1056 591
766 541
892 711
622 701
1114 612
1227 401
829 858
721 757
886 796
658 845
866 844
848 646
1301 686
1190 483
1070 816
702 861
1052 881
942 630
1126 836
1002 594
1097 896
1100 566
1117 941
788 781
1148 964
1050 588
1186 963
861 712
1192 961
883 705
1080 1094
965 653
1419 839
799 811
962 1331
768 873
1296 1095
851 773
1622 885
904 735
1457 1112
839 795
1897 882
885 763
1669 1005
1211 578
1455 1159
824 894
1585 1088
1219 621
1701 1054
1281 610
1586 1160
943 807
2424 793
1116 692
1555 1199
1033 756
1279 1462
923 886
1725 1161
1739 539
1441 1378
1030 801
1409 1434
975 904
1406 1458
1214 742
1612 1326
1032 917
1722 1281
1138 835
1700 1305
1149 831
1705 1312
1167 862
1508 1492
1398 734
1771 1402
1129 930
1591 1557
1154 928
1501 1638
1257 846
2044 1280
1103 1011
1717 1529
1357 791
1721 1569
1329 815
1803 1528
1370 817
1439 1861
1168 1003
1509 1801
1044 1189
1978 1599
2212 634
1841 1754
1331 950
1665 2034
1272 1022
2865 1288
1169 1147
2150 1701
1250 1072
1854 1912
1122 1245
2113 1730
1472 956
2710 1432
1170 1237
2187 1724
1064 1377
2459 1617
1333 1117
2220 1778
1984 786
1831 2313
1524 1014
2063 1991
1541 1025
2702 1621
2007 799
2170 2066
1688 980
2198 1996
1258 1293
2804 1690
1598 1040
2462 1882
657 3361
2721 1762
1378 1247
2318 2024
1477 1196
2973 1674
2227 902
2818 1766
1804 1157
2091 2457
1761 1282
2816 1835
1528 1495
2378 2148
3414 782
3682 1552
1332 1752
2389 2220
2847 948
2673 2028
1539 1602
2663 2052
1982 1325
2853 1972
1802 1520
2530 2235
2380 1221
3035 1891
2213 1367
2407 2385
2158 1417
2741 2137
2998 1150
2739 2279
1683 1797
3175 1964
1788 1746
2759 2409
2347 1463
3069 2217
1682 2101
3020 2265
1708 2109
2856 2613
2165 1666
3003 2530
2269 1646
2946 2571
2620 1486
3100 2468
2336 1647
2846 2702
2348 1649
2413 3121
2506 1693
3214 2421
2612 1672
3093 2596
1743 2583
3280 2424
2648 1673
3874 2198
3711 1321
3198 2647
2252 1929
2556 3396
2535 1780
3644 2472
2266 1962
3275 2729
3033 1632
3192 2899
3552 1466
3202 3118
2670 1842
3690 2705
3632 1519
3424 2913
4506 1340
3385 3019
1947 2677
3583 2926
2600 1985
3381 3053
2544 2023
4211 2678
2166 2412
4000 2781
3502 1600
5099 2469
2962 1859
3059 3700
3618 1616
4194 2927
2603 2122
3948 3105
2419 2297
4042 3048
2349 2392
3363 3589
4499 1499
3617 3406
3933 1629
4347 2944
2927 2064
3498 3607
3104 1982
3641 3516
4203 1664
4590 2916
4135 1685
3778 3547
3899 1741
3870 3504
3164 2140
4735 3008
2622 2587
4369 3317
3483 1966
3822 3766
4396 1751
4642 3188
3011 2372
4285 3512
3142 2410
4745 3247
3111 2454
4177 3749
2423 3086
5591 3003
2066 3845
4955 3377
2986 2660
4495 3818
3949 2150
4567 3858
2747 2970
5564 3233
3185 2629
4850 3614
6633 1625
6223 3021
2876 2898
6324 3025
3518 2565
5101 3515
3009 2932
6134 3138
3858 2501
4946 3752
3249 2844
4283 4345
3120 3005
4831 3865
3145 2983
5606 3509
3283 2894
4918 3952
4661 2277
6748 3212
3432 2817
6302 3437
3509 2777
5453 3850
3546 2825
6344 3489
3124 3223
5749 3794
3182 3185
6077 3676
3950 2706
6104 3729
4778 2441
5468 4068
6149 2128
5612 4034
3758 2996
6166 3862
6191 2223
6609 3727
3505 3329
5812 4070
4447 2838
4856 5037
4828 2770
5459 4485
4957 2800
4822 5436
4168 3249
6756 4030
3705 3603
5985 4510
4115 3332
5462 4913
6432 2485
5057 5916
4370 3335
6923 4716
4201 3595
5837 5660
6558 2649
7586 4577
5225 2951
6089 5901
3914 3873
6025 6077
6505 2692
6779 5728
4559 3414
6715 5940
3595 4284
7335 5749
6607 2742
7565 5581
5873 2907
6960 6219
4024 3986
5535 3114
5154 3302
4057 4236
7346 2911
3863 4989
5632 3636
7114 3161
7625 2994
6013 3624
5827 4006
6409 3853
4835 4829
4439 5586
6955 3959
5437 4707
6694 4057
7042 4066
7360 4321
6740 4661
5629 5550
6833 4742
6562 5893
5598 6326
7679 5185
6647 6318
7798 5360
1987962344 2083920370
1
sift 1804
4 6
27 24
1 1
31 26
2 2
42 31
3 3
47 43
7 8
49 42
10 11
48 45
13 12
50 49
14 14
56 56
15 16
67 53
17 15
60 60
20 17
78 79
24 18
91 94
22 19
95 95
25 20
97 88
26 21
105 100
28 23
106 102
30 25
108 104
33 27
109 105
35 28
117 113
36 30
139 140
39 29
147 145
38 33
153 148
37 34
157 179
41 32
174 168
43 37
199 162
45 41
180 174
53 48
187 186
51 51
229 160
55 58
189 196
57 55
211 200
62 54
214 212
64 57
225 220
63 59
230 226
61 61
223 248
66 62
236 234
59 65
235 236
68 63
246 257
72 66
265 263
75 68
271 258
70 81
285 275
74 74
278 277
76 76
293 283
73 84
269 309
83 71
316 296
84 73
314 304
81 83
324 324
82 82
328 325
96 70
349 350
86 87
372 342
94 91
366 357
92 93
357 370
101 97
387 380
102 96
412 378
90 107
426 363
104 101
392 404
114 106
440 402
112 109
434 427
119 118
442 445
120 119
462 434
124 115
437 481
134 112
467 468
130 122
455 498
132 121
530 487
135 129
512 485
136 131
533 483
140 128
534 504
137 134
517 600
145 133
544 566
144 136
588 556
141 139
580 560
167 120
609 549
146 144
606 554
152 142
584 577
156 149
566 596
155 155
601 567
159 154
586 598
149 166
570 615
182 137
663 540
163 158
623 579
162 167
595 602
170 161
602 613
171 165
618 640
169 171
670 604
173 170
587 706
168 177
723 595
175 172
710 673
176 169
678 728
172 175
605 805
183 181
685 738
194 180
700 742
197 176
682 758
193 182
769 668
184 188
747 784
195 183
787 747
196 189
795 756
191 192
904 684
186 202
753 838
185 207
850 749
202 194
855 770
205 198
865 766
192 213
888 762
210 204
851 832
222 190
907 795
212 203
1076 690
216 201
910 811
201 209
912 851
203 215
884 895
215 216
947 835
218 218
899 899
217 224
879 919
227 219
892 908
213 240
942 855
226 231
819 993
228 225
990 840
224 237
931 917
241 222
887 962
232 228
950 920
233 235
968 904
242 229
935 949
234 241
988 912
238 239
1048 846
240 242
889 1025
239 249
967 990
254 243
1044 942
267 230
1254 787
231 265
926 1094
274 227
940 1076
270 238
985 1034
249 252
754 1443
244 260
1049 984
256 250
1063 968
247 259
1015 1027
257 254
1034 1051
243 271
868 1315
252 266
1102 1024
262 251
1014 1133
245 273
1060 1101
260 256
974 1212
273 253
1141 1061
275 255
1108 1097
297 247
1105 1129
272 268
1067 1197
289 262
1178 1105
263 281
1184 1102
280 279
1245 1065
288 276
1074 1252
276 290
1170 1167
296 280
1225 1123
304 272
1256 1106
259 307
1217 1145
255 321
1207 1155
301 293
1296 1104
290 305
1068 1403
303 299
1111 1314
312 297
1168 1300
336 288
1284 1184
319 300
1133 1381
313 306
1166 1356
310 311
1189 1357
299 331
1208 1361
335 302
1119 1534
337 303
1230 1350
323 308
1213 1375
344 298
1327 1254
326 320
1337 1261
341 312
1456 1175
343 314
1335 1305
333 330
1540 1161
340 338
1324 1339
351 327
1451 1236
352 333
1367 1313
358 328
1293 1451
332 356
1320 1445
373 319
1342 1433
371 322
1306 1487
355 334
1223 1623
353 343
1502 1307
367 340
1361 1473
369 341
1287 1591
322 401
1491 1380
363 358
1602 1298
370 354
1405 1492
375 348
1416 1481
390 346
1479 1415
378 355
1463 1462
381 360
1714 1227
386 361
1579 1386
347 423
1604 1387
338 447
1633 1404
388 375
1568 1484
413 364
1764 1329
361 414
1513 1592
411 367
1483 1634
405 371
1408 1702
409 368
1726 1461
396 381
1611 1540
410 369
1443 1733
394 388
1664 1525
379 406
1661 1583
385 399
1823 1463
414 391
1874 1435
423 373
1744 1586
433 365
1980 1401
419 386
1577 1791
417 392
1785 1602
395 420
1660 1718
415 403
1516 1930
402 419
1906 1569
435 379
1850 1641
432 390
1921 1618
444 384
1777 1725
430 405
1994 1581
447 394
1833 1747
422 424
2079 1601
427 428
1767 1819
429 433
1806 1800
431 425
1707 2099
416 452
1690 2191
445 417
1958 1869
420 450
2076 1811
453 407
1933 1974
450 426
1655 2413
393 479
1853 2096
449 440
2012 1911
454 418
2033 1887
461 441
1848 2150
441 470
1719 2409
480 443
2024 1993
494 432
2051 1978
477 444
2211 1845
475 448
2118 1943
469 460
2085 1986
483 454
1734 2472
438 512
2017 2047
567 396
2057 2028
500 456
2002 2108
510 462
2280 1881
501 469
1968 2181
468 488
2061 2132
492 474
2138 2067
478 495
2125 2083
481 502
1878 2420
458 535
1900 2382
496 501
1969 2277
511 500
2637 1710
532 482
2226 2038
529 491
2073 2197
591 457
2028 2292
527 497
2172 2198
583 461
1856 2639
376 786
2104 2339
597 458
2321 2142
536 505
2442 2061
507 550
2290 2227
489 558
2284 2240
541 503
2145 2405
556 490
2491 2043
537 519
2388 2164
557 507
2357 2205
569 493
2098 2480
539 531
2249 2316
548 525
2168 2430
518 575
2092 2540
545 539
2139 2531
543 543
2204 2494
546 541
2235 2508
572 510
2105 2683
552 544
2485 2266
495 621
2517 2257
603 496
2039 2779
578 528
2652 2125
581 527
2345 2491
555 573
2351 2489
502 644
2381 2473
487 662
2307 2562
585 542
2474 2377
679 484
2454 2426
596 571
2490 2368
639 534
2363 2599
590 585
2563 2358
631 547
2446 2516
599 582
2595 2344
558 625
2520 2434
619 580
2689 2249
629 576
2468 2583
729 511
2575 2511
626 590
2237 2863
637 589
2497 2614
634 591
2692 2357
574 655
2131 3030
604 619
2261 2918
658 586
2189 3027
725 530
2640 2569
812 478
2392 2878
622 624
3168 2112
628 612
2603 2675
651 597
2965 2285
621 631
2477 2812
689 572
2671 2608
671 594
2330 3037
632 628
2367 2985
666 611
2470 2894
662 626
2418 3004
680 616
2703 2696
697 603
2407 3121
659 639
2799 2677
727 584
2755 2717
615 691
3283 2302
657 653
2985 2519
661 652
2267 3447
683 636
2676 2808
624 695
2758 2759
675 646
2464 3195
610 716
2790 2771
701 629
2690 2895
650 676
3033 2684
715 617
4363 2046
674 657
2766 2972
668 661
2554 3373
686 647
4311 2088
665 663
2724 3136
693 648
2725 3140
667 671
2808 3084
688 658
3053 2836
704 643
3163 2769
643 708
3101 2803
722 633
3045 2867
676 686
2712 3287
690 681
3661 2618
687 687
3306 2792
640 740
2707 3417
564 834
2552 3863
694 693
2904 3151
802 593
2910 3187
703 704
3228 2902
708 703
3524 2766
757 649
3186 2957
762 651
3139 3023
742 666
3262 2939
720 718
2963 3207
813 618
2649 3824
810 637
2878 3359
739 701
2784 3600
780 680
2936 3332
789 672
3585 2871
744 734
3318 3133
801 675
3269 3175
740 741
2862 3730
673 843
3356 3141
808 677
2512 4527
778 712
3443 3104
735 753
3193 3378
859 659
3020 3648
732 772
3742 3034
781 724
3119 3557
719 809
3344 3323
716 847
3230 3483
839 707
3266 3473
733 801
2982 3919
711 867
3783 3159
818 725
3226 3693
745 797
3142 3793
785 759
3436 3550
782 765
3543 3460
816 737
3418 3654
805 746
3780 3275
835 721
3308 3786
783 769
3796 3307
773 781
3978 3172
752 799
3790 3340
776 785
3633 3521
798 788
3629 3533
774 808
3151 4064
864 750
3428 3800
827 780
3023 4334
767 853
3319 4119
897 732
3482 4006
854 771
3724 3836
764 889
3444 4094
831 798
3975 3585
793 849
4892 3008
817 822
3753 3834
880 782
3944 3663
1046 664
3659 3989
741 950
3589 4062
970 726
3991 3703
963 733
2880 5359
791 892
3408 4289
809 879
3638 4177
927 789
4069 3811
920 793
4340 3598
770 957
3526 4363
869 839
3376 4561
829 885
4287 3733
925 800
3980 4004
861 864
3336 4855
905 817
3773 4311
901 823
3926 4179
867 875
3924 4369
826 925
3733 4661
918 836
5194 3519
890 872
4301 4080
847 924
3522 5133
886 878
4008 4375
909 858
4854 3810
797 986
3984 4456
799 1000
3716 4907
928 868
4293 4174
794 1019
4748 4105
820 978
5370 3861
896 906
4870 4115
937 865
4506 4400
1013 794
3706 5731
955 856
4705 4325
936 874
5661 3876
944 871
4886 4244
893 932
3914 5593
924 907
4733 4469
788 1055
4495 4728
987 842
5121 4349
948 880
4905 4612
952 890
5048 4536
960 881
4446 5239
943 909
4651 4993
914 945
4774 4903
998 854
4366 5472
862 1005
4612 5127
932 934
4338 5610
845 1031
4149 5974
903 965
4347 5673
1005 866
5014 4850
933 948
5003 4955
975 914
4853 5249
962 929
4838 5337
996 893
4000 6579
878 1028
5176 5099
1059 852
4412 6125
1097 812
5739 4637
992 921
4517 5998
999 916
5765 4698
796 1156
5022 5456
814 1130
5571 4916
1036 901
5449 5107
1100 845
5530 5017
1062 882
5156 5438
1021 927
6095 4643
1017 940
5792 4870
1037 930
5670 4982
1032 941
5788 4914
872 1118
5817 4906
1000 1010
5098 5660
871 1159
5680 5172
1041 974
5934 5102
895 1136
5184 5887
978 1048
5404 5680
1070 960
5641 5566
1045 995
5331 5922
977 1074
5428 5888
986 1070
5984 5316
954 1107
5654 5732
997 1067
5261 6390
1033 1047
6438 5101
1085 997
5599 6086
1127 946
5823 5932
1139 954
5644 6267
1257 859
6370 6133
989 1117
1039 1062
1040 1066
1103 1016
1285 863
1099 1043
1124 1020
1042 1100
1002 1144
1078 1099
1050 1132
1071 1111
1079 1108
1173 1022
1152 1045
1065 1128
1248 967
1054 1160
1117 1093
1106 1116
807 1670
1129 1095
1140 1090
1159 1077
1083 1157
1035 1215
1098 1154
1144 1098
1075 1180
1125 1134
1176 1082
1109 1149
1216 1072
1122 1153
1089 1204
1232 1084
1094 1264
1278 1079
1135 1209
1175 1188
1052 1382
1126 1257
1309 1083
1081 1364
1269 1142
958 1674
1559 1002
1383 1091
1267 1169
1138 1326
1299 1158
1090 1448
1174 1293
1183 1286
1235 1224
1265 1193
1288 1176
1198 1273
1210 1271
1221 1258
1238 1250
1387 1141
1137 1410
1334 1178
1120 1455
1411 1131
1317 1196
1203 1318
1263 1247
1354 1179
1179 1365
1251 1274
1371 1190
1409 1191
1274 1323
1388 1230
1376 1242
1259 1347
1348 1277
1346 1279
1244 1389
1315 1301
1164 1541
1433 1219
1593 1138
1389 1281
1280 1400
1454 1237
1364 1335
1386 1312
1618 1150
1360 1369
1431 1292
1403 1324
1414 1311
1325 1412
1308 1446
1333 1437
1359 1423
1401 1371
1266 1524
1612 1202
1439 1341
1420 1359
1303 1500
1209 1639
1397 1395
1399 1399
1368 1471
1480 1353
1406 1430
1598 1262
1772 1148
1474 1376
1307 1554
1467 1385
1415 1439
1336 1533
1609 1272
1522 1336
1290 1590
1541 1340
1448 1427
1518 1367
1565 1328
1162 1820
1497 1407
1381 1567
1585 1360
1636 1316
1472 1491
1510 1454
1384 1595
1599 1372
1400 1573
1511 1470
1498 1493
1301 1689
1571 1419
1607 1390
1521 1483
1514 1499
1493 1516
1546 1482
1417 1607
1592 1438
1508 1531
1496 1544
1656 1377
1580 1479
1499 1555
1528 1527
1460 1605
1305 1759
1631 1453
1519 1563
1427 1660
1421 1671
1365 1736
1292 1816
1273 1852
1505 1608
1554 1560
2003 1201
1621 1501
1654 1465
1586 1551
1503 1631
1570 1566
1600 1545
1515 1630
1645 1517
1615 1556
1692 1472
1637 1535
1755 1414
1605 1579
1468 1706
1634 1553
1643 1557
1675 1522
1735 1474
1761 1442
1706 1506
1343 1900
1340 1925
1629 1616
1563 1688
1535 1713
1689 1565
1815 1466
1670 1585
1578 1697
1880 1428
1736 1547
1812 1490
1457 1829
1672 1620
1674 1626
1854 1477
2317 1243
1438 1942
2106 1344
1931 1468
1757 1617
1490 1909
1793 1597
1720 1666
1835 1575
1763 1636
2123 1391
1789 1632
1647 1765
1471 2011
2068 1441
1530 1933
1662 1763
1870 1606
1581 1889
1475 2041
1831 1649
1776 1686
1701 1744
1557 1954
1574 1934
1801 1682
1997 1550
1896 1635
1979 1571
1867 1665
1882 1664
1873 1673
1948 1609
1993 1577
1819 1720
1651 1905
1722 1817
1608 2025
2011 1624
1717 1864
1978 1659
2398 1447
1826 1794
1758 1861
2432 1457
1628 2122
1825 1840
1952 1727
2053 1684
1936 1760
1545 2327
1911 1792
1917 1786
1877 1846
2298 1588
1780 2002
1904 1855
2101 1708
1797 1991
1872 1922
1889 1906
1857 1956
2309 1645
1915 1897
1560 2517
1890 1961
1802 2066
1928 1913
2007 1835
2165 1741
1846 2018
2095 1789
2200 1724
2188 1739
1897 2012
1963 1926
2368 1683
1970 1920
2067 1857
1996 1923
1975 1952
1937 2001
1859 2121
1953 1989
1821 2176
1703 2374
1852 2148
2004 1959
2293 1756
2221 1801
1945 2070
1974 2053
1851 2247
2224 1842
1790 2328
2310 1806
2094 1990
2260 1848
1773 2433
1791 2400
1827 2362
2233 1907
2080 2033
2150 1994
2136 2010
2231 1924
2549 1715
2286 1901
2302 1895
2110 2062
2339 1866
1926 2278
1817 2465
2019 2174
2428 1825
1860 2441
2063 2143
1984 2237
1971 2256
2091 2139
2337 1947
2268 2005
2185 2087
2222 2049
2542 1797
2396 1918
2082 2201
2111 2178
1811 2615
2134 2170
2452 1886
2455 1883
2149 2171
2324 2017
2178 2166
2272 2080
2170 2187
2166 2200
2077 2299
2208 2165
2193 2194
2100 2311
2518 1915
2342 2085
2471 1971
2030 2423
2684 1799
2579 1902
2450 2019
1965 2594
2460 2065
2708 1841
2215 2345
2433 2135
2629 1946
2176 2429
2225 2360
2328 2259
2059 2553
2555 2023
2271 2323
2443 2167
2283 2347
2250 2392
2247 2408
2522 2124
2116 2557
2230 2438
2509 2147
2240 2450
2153 2556
2274 2427
2295 2411
2239 2468
2424 2274
2130 2616
2152 2598
2314 2424
2327 2412
2287 2471
2255 2506
2445 2293
2854 1873
2192 2596
2466 2270
2804 1931
2266 2533
2370 2436
2881 1882
2300 2524
2515 2265
2643 2136
2384 2458
2473 2329
2801 1985
2544 2253
2577 2246
2506 2346
2347 2546
2593 2260
2479 2395
2625 2233
3340 1768
2508 2410
2611 2294
2020 2929
2564 2361
2124 2839
2463 2482
2528 2439
2412 2588
2568 2391
2362 2653
2701 2215
3018 1964
2527 2463
2574 2417
2232 2773
2831 2119
2009 3044
2133 2880
2202 2816
2514 2525
1991 3124
2771 2196
2533 2526
2336 2749
2836 2173
2562 2547
2679 2375
2627 2477
2472 2673
2440 2709
2955 2140
2494 2655
2379 2786
2103 3126
2258 2927
3084 2095
2584 2633
2716 2447
2664 2545
2487 2753
2539 2719
2613 2646
2672 2591
2958 2318
2265 3111
2489 2828
2399 2959
2744 2551
2770 2530
3146 2213
2667 2690
2713 2647
3268 2192
2453 2960
2359 3107
2913 2466
2476 2951
2895 2509
2923 2484
3178 2280
2871 2542
2612 2827
2529 2963
2929 2537
3055 2454
2899 2602
2762 2725
2816 2695
2752 2746
2586 2966
2956 2597
2947 2627
2858 2700
3038 2571
2743 2831
3392 2414
3034 2660
3486 2383
3259 2527
2739 2913
2722 2945
3721 2283
2569 3208
2930 2762
2504 3338
2911 2784
2706 3013
3147 2641
2851 2866
3465 2479
2478 3504
2598 3297
2417 3734
2951 2840
2688 3152
2530 3515
2658 3232
2777 3067
2753 3096
2659 3268
2607 3439
3014 2850
2705 3204
2687 3261
3221 2741
3092 2811
3529 2603
3063 2848
3420 2688
2991 2936
2817 3144
2967 2969
2668 3401
3916 2498
2805 3225
3459 2742
3067 2967
2670 3571
3094 2961
3718 2654
3463 2761
3076 2991
2872 3273
2970 3161
2987 3145
2834 3358
2439 4209
3299 2906
3595 2767
2677 3717
3454 2825
3514 2805
2837 3398
2990 3190
3574 2799
2821 3472
3190 3063
3077 3153
3472 2872
3476 2892
2905 3408
3169 3102
2975 3326
2674 3905
3305 3045
3047 3262
3396 3036
2642 4082
3028 3372
3052 3333
2656 4071
3145 3224
3406 3048
3042 3375
3120 3290
3218 3214
3012 3477
3621 2955
2984 3534
3491 3054
3275 3198
3192 3289
3351 3178
3290 3223
2945 3653
3613 3020
3008 3589
2994 3623
3821 2910
2870 3894
3027 3661
3257 3366
3367 3269
3849 2947
3814 3000
3069 3688
3377 3324
3457 3252
3010 3799
5201 2492
3397 3331
2780 4153
3243 3509
3315 3450
3732 3115
3890 3024
3499 3292
3862 3064
3840 3072
3581 3247
3527 3302
3587 3260
3480 3350
3215 3629
2957 4003
3272 3606
2751 4361
3489 3402
3278 3628
3393 3537
3462 3465
3364 3594
3647 3306
3431 3545
3295 3721
3921 3146
3475 3527
3089 3965
3934 3171
3341 3732
3339 3748
3541 3569
3172 3943
3639 3485
3539 3592
3635 3506
3240 3898
2875 4397
3260 3913
3954 3235
4037 3158
3714 3480
4269 3053
3865 3349
3532 3691
3745 3476
3622 3615
3588 3667
3389 3874
2902 4489
3302 3974
3237 4038
3232 4050
3155 4110
4354 3093
5596 2704
4505 3042
3590 3783
3515 3859
2897 4641
4209 3192
3567 3813
3904 3517
5874 2694
3310 4123
5395 2804
4178 3300
3853 3649
3566 3961
3727 3839
2983 4693
3426 4093
2747 5530
4002 3548
3496 4066
3301 4229
3681 3915
3829 3781
3744 3883
2818 5395
3909 3765
3062 4692
3531 4102
4163 3499
3357 4290
4182 3512
3282 4439
3933 3840
3682 4069
4143 3597
3071 4880
3979 3828
3398 4377
3929 3917
4572 3371
4379 3539
3748 4114
3570 4293
4342 3599
3734 4171
4397 3607
3512 4437
3057 5353
3817 4189
4967 3325
3456 4649
3883 4193
4176 3962
3717 4410
3345 4965
3510 4699
4187 3997
5834 3108
3925 4253
4138 4081
4019 4186
4440 3895
3726 4594
4793 3740
4580 3875
4060 4308
4507 4009
3812 4697
4508 4028
3973 4477
3903 4605
4079 4367
4943 3809
3229 5977
3990 4498
3678 5048
4630 4010
4869 3867
3791 4864
4887 3865
3871 4813
4720 4020
4501 4130
3999 4614
3785 5002
5223 3764
4102 4466
4203 4378
3424 5762
4243 4348
4281 4329
3952 4841
4588 4167
5027 3972
3749 5311
5092 3948
4485 4288
5080 4002
4325 4473
4117 4744
5833 3672
4450 4449
4511 4399
4084 4904
5236 4001
4109 4890
4907 4157
4693 4303
5794 3785
4216 4764
3968 5267
4335 4711
4275 4793
4214 4922
5958 3805
6509 3411
4482 4629
4891 4300
4101 5147
4382 4776
4519 4651
3945 5636
4623 4582
5799 3964
3910 5810
4273 5120
4550 4758
4867 4484
4944 4431
5127 4353
5550 4142
4759 4730
5258 4371
4526 5059
4407 5257
5224 4496
3801 6535
4183 5765
4941 4727
4779 4928
4992 4694
4582 5208
4661 5215
4565 5323
6029 4188
5018 4801
5360 4553
4704 5173
5147 4738
4364 5696
5244 4674
5141 4754
4339 5757
4193 6063
4477 5568
4876 5070
5786 4381
4972 5076
5290 4791
4279 6088
4523 5704
4663 5527
4659 5562
5169 4953
5329 4819
4562 5730
4211 6376
4677 5647
4915 5312
5534 4747
5413 5024
5040 5410
6011 4631
5995 4676
4963 5682
5077 5547
5511 5144
5021 5729
5669 5096
5776 5007
5187 5591
6197 4703
5505 5272
4852 6140
4453 6567
5088 5880
5954 5033
5544 5386
5766 5200
4902 6162
4729 6429
5645 5363
6246 4848
5377 5713
6099 5052
6053 5118
5741 5406
6324 4980
6291 5020
5783 5512
5769 5551
6058 5270
5878 5486
5685 5796
6418 5034
5941 5577
6176 5400
5381 6266
6281 5387
5913 5758
5551 6143
4906 6605
4961 6601
5450 6325
5248 6491
6224 5572
5435 6393
6318 5492
6093 5811
5738 6244
5502 6499
6345 5738
6226 5923
5515 6528
6301 5840
5743 6463
6015 6255
6364 5940
6367 6165
5999 6503
5755 6615
6373 6460
6148 6581
5424 6676
