2106903792 2114019812
1
sift 82
1475 1218
278 100
199 177
2264 1298
401 205
456 211
440 468
364 269
429 687
481 307
897 474
500 304
830 538
662 366
910 560
530 441
840 710
544 437
3267 358
482 622
1384 728
704 497
1732 716
584 579
866 1791
600 698
1705 1195
744 769
1529 2108
920 655
2658 1384
783 736
1998 1821
890 692
2352 1879
609 1031
1499 2772
1238 617
1758 2441
1024 781
4708 1610
926 916
3281 2891
986 1181
3707 2964
1582 887
1023 1251
1406 1042
1548 974
1519 1062
2307 890
908 1846
1270 1432
2050 1089
1622 1434
1907 1292
1504 1613
2302 1345
2114 1469
2031 1609
1665 1921
2136 1624
3088 1567
2291 1847
1503 2605
2668 1939
2382 2107
3414 1764
3632 2037
3620 2205
3508 2244
1762 3660
3722 2305
2281 3058
3062 2809
4454 2422
4507 2464
3977 2754
4050 2733
2565 3723
4337 3166
4451 3210
